10

400	400

4

4

101.54597246490329	263.98076045902076	118.54627199383437	84.35524653630696	
88.53636137538481	373.4421902728165	109.69486379500749	91.16197107174973	
117.54300940459811	158.36117209160165	89.39162697796306	111.8673005298943	
239.36777163127135	235.48265403029205	70.80248759038454	141.23797539223844	

-1.0	-1.0	103.83967240230896	96.30230689920437	
-1.0	-1.0	137.19680059301382	72.88799707264609	
-1.0	-1.0	133.09209423701566	75.135942952341	
-1.0	-1.0	114.42123845008857	87.39636220911974	

157.1169175071339	263.98076045902076
93.18210283095338	282.28021920106676
135.3845306012594	158.36117209160165
239.36777163127135	119.75212353318977

0.0	0.14753307803490745	0.9397711796406678	0.5260950038248766	
0.14753307803490745	0.0	0.14569141786737771	0.9953799336728567	
0.9397711796406678	0.14569141786737771	0.0	0.7060586153327392	
0.5260950038248766	0.9953799336728567	0.7060586153327392	0.0	

0.4481802362985451	0.7959411624298871	0.420803399743196	0.841797161878917	
0.9833491999200225	0.8734718661233096	0.8517492393017201	0.929341440913202	
0.9876777560997181	0.4301916077408433	0.39304099539477755	0.6790241924035701	
0.5768556772318352	0.7465783486354394	0.17061879796618773	0.054699655119305746	

0.0	0.9776742664217876	0.41295987677192225	0.09218065739671699	
0.9776742664217876	0.0	0.8527675688476757	0.8378255708688965	
0.41295987677192225	0.8527675688476757	0.0	0.516568596682492	
0.09218065739671699	0.8378255708688965	0.516568596682492	0.0	

272.0151907583694	369.1746940882366	102.87239164147309	97.20781096303871	
14.038178049429334	368.05950471250344	111.06183343297914	90.0399326293722	
273.8273176653544	123.89089754065571	92.1163607256266	108.55834860634066	
142.1218319724375	365.4556068922789	129.43726978360107	77.25750100197911	

-1.0	-1.0	114.8003969866026	87.10771271258771	
-1.0	-1.0	125.93467858907717	79.4062454602345	
-1.0	-1.0	93.45646110355439	107.00169770947676	
-1.0	-1.0	86.92146444033796	115.04638197696154	

277.77797282304175	271.9668831251979
73.81714333464109	368.05950471250344
312.60242810119905	123.89089754065571
142.1218319724375	317.9971282054594

0.0	0.23470052522989115	0.5364994083404163	0.061370349397419366	
0.23470052522989115	0.0	0.9444306365897138	0.13569524195523341	
0.5364994083404163	0.9444306365897138	0.0	0.39317917130585467	
0.061370349397419366	0.13569524195523341	0.39317917130585467	0.0	

0.8751690118141606	0.42530762445041104	0.8264257375778187	0.4321866513700713	
0.0022997633360481995	0.7140208845570883	0.1523248641251599	0.4965018678006238	
0.5662877021406234	0.24002831285921233	0.10171054415684588	0.28545947252295345	
0.5677433360343042	0.29963163308298224	0.19662179095846533	0.5529438554481931	

0.0	0.19656098734530014	0.6131390715823734	0.10258448086879801	
0.19656098734530014	0.0	0.7581396493833653	0.27848811941541596	
0.6131390715823734	0.7581396493833653	0.0	0.9149832965032118	
0.10258448086879801	0.27848811941541596	0.9149832965032118	0.0	

245.82494326485164	174.55239728364378	105.48915947188554	94.79647055738606	
105.82485370356018	332.41062846086936	84.48355914676354	118.36622534602446	
117.53303372400543	168.7611396224728	101.74374487139157	98.28614046632966	
242.3358168649753	333.1069215639045	133.14475035924022	75.10622816910785	

-1.0	-1.0	124.7594729027321	80.15423412213704	
-1.0	-1.0	92.5392685973534	108.06223294794873	
-1.0	-1.0	134.75597241153017	74.20821371435086	
-1.0	-1.0	79.07106420280276	126.46851412486161	

283.9102938585192	79.75592672625771
161.9485970498617	214.0444031148449
219.276778595397	123.98523487664067
375.4805672242155	309.68041688447295

0.0	0.058813941549037296	0.14490090296184166	0.7825608371224247	
0.058813941549037296	0.0	0.8160754538359276	0.622959531719125	
0.14490090296184166	0.8160754538359276	0.0	0.5925715366809965	
0.7825608371224247	0.622959531719125	0.5925715366809965	0.0	

0.3256103468644307	0.5757334021236934	0.24658942575797782	0.9753537933451962	
0.3879706166492225	0.8457536603179181	0.33341183376796646	0.6452192669676441	
0.07149431802271655	0.36479138749015794	0.3277789152136703	0.5811227981852893	
0.3498476101251128	0.18407335269220793	0.08692482996321527	0.6280181671458349	

0.0	0.15916531317088733	0.8576212299558468	0.496192691926843	
0.15916531317088733	0.0	0.003317980905525597	0.029036731143917915	
0.8576212299558468	0.003317980905525597	0.0	0.8461613247504005	
0.496192691926843	0.029036731143917915	0.8461613247504005	0.0	

30.510544424290615	132.7372123086422	112.82288480116362	88.63450015148756	
240.0460532363116	123.95019875777558	139.81467786521924	71.5232488654729	
259.83981940155	367.8171126525154	86.58419169282148	115.49452393662618	
179.20723649171907	235.4441636998242	128.4335119030251	77.86129844016561	

-1.0	-1.0	112.98852677816733	88.50456134925277	
-1.0	-1.0	112.93966960623673	88.54284800783392	
-1.0	-1.0	87.25069473448926	114.61226790721597	
-1.0	-1.0	136.47834111408287	73.2716995119464	

40.288297428516444	44.102712157154656
324.85488109593496	123.95019875777558
259.83981940155	315.6246477924439
307.64074839474415	207.1034282298915

0.0	0.08160657028341733	0.47870847311121345	0.3231042675747041	
0.08160657028341733	0.0	0.6765798187797412	0.7285313423857958	
0.47870847311121345	0.6765798187797412	0.0	0.09039466832887055	
0.3231042675747041	0.7285313423857958	0.09039466832887055	0.0	

0.22130884098252546	0.036767427779640816	0.6399864630106238	0.12321315801300925	
0.5279147843094274	0.09375825277177152	0.6374538793059743	0.6629314061910568	
0.84708269433556	0.48398834929653844	0.7807303524132067	0.008477426231023988	
0.43884589488138004	0.5979595861618926	0.5394426074891913	0.18615682869130912	

0.0	0.5301486665007632	0.7710884287650286	0.8655302938112921	
0.5301486665007632	0.0	0.6936327958373474	0.7654643591861503	
0.7710884287650286	0.6936327958373474	0.0	0.49566531225831345	
0.8655302938112921	0.7654643591861503	0.49566531225831345	0.0	

261.62981931439515	253.2194241392369	117.5914731901607	85.04017960408319	
278.591167850078	340.47991103037964	118.1387827976005	84.64620815615098	
268.35841271828974	152.4535144578083	93.07404802738841	107.44133528024216	
35.813030218360964	251.52560117598912	135.8133622854376	73.63045750228243	

-1.0	-1.0	82.18602592477782	121.67518610953002	
-1.0	-1.0	104.20439534290375	95.96524184122137	
-1.0	-1.0	140.76743647248009	71.0391568575236	
-1.0	-1.0	72.1780042470863	138.54636331820828	

379.22129250455583	222.38303596076508
396.7299506476785	271.5449414964979
325.7309242742991	152.4535144578083
171.62639250379857	223.8143865124088

0.0	0.5800865553751376	0.45211333699135703	0.4951158772808193	
0.5800865553751376	0.0	0.15426811519554473	0.8001446903633798	
0.45211333699135703	0.15426811519554473	0.0	0.8068971034194727	
0.4951158772808193	0.8001446903633798	0.8068971034194727	0.0	

0.36520050242412294	0.5063265703253377	0.743186798294026	0.3886913516281727	
0.8041888468775991	0.5434090946417407	0.0062431068619519525	0.5692810239448293	
0.9565448380880858	0.7939716499887637	0.5315185062210703	0.3219004256490876	
0.8653114867377844	0.899607775504692	0.1267375174205777	0.9680562747955674	

0.0	0.3957660787808044	0.9869978271934112	0.8644563306659141	
0.3957660787808044	0.0	0.9030331704619596	0.8609538334226352	
0.9869978271934112	0.9030331704619596	0.0	0.6674400177506964	
0.8644563306659141	0.8609538334226352	0.6674400177506964	0.0	

239.84478407177312	243.00453940163695	109.0614273898506	91.6914461815545	
249.69879987170185	121.37668093262567	123.50481735975141	80.9685015838003	
28.025751872311133	388.2384191498368	136.69926713856904	73.15328172069292	
40.23645249058103	231.13675364760041	104.19074680579612	95.97781287276176	

-1.0	-1.0	109.38988675192635	91.4161290127115	
-1.0	-1.0	96.18898711194944	103.96200542543932	
-1.0	-1.0	101.18723230187923	98.82669752411324	
-1.0	-1.0	119.2135054323739	83.88311344198068	

348.90621146162374	231.44973607263512
346.8160154457326	121.37668093262567
164.72501901088017	353.81381368430624
40.23645249058103	199.77000083761553

0.0	0.9630575802686354	0.5495334710115025	0.1105103763035552	
0.9630575802686354	0.0	0.08030907637754026	0.7013645149019578	
0.5495334710115025	0.08030907637754026	0.0	0.029442184525713233	
0.1105103763035552	0.7013645149019578	0.029442184525713233	0.0	

0.715350085581667	0.21359149052426885	0.6801704640539635	0.6875252739730104	
0.046086803599487136	0.9331595227395575	0.9019057994907258	0.11922292219346375	
0.4614432465751668	0.6418084731074227	0.7421464396842578	0.9320471924872268	
0.3417686376147182	0.5420119965077895	0.41713179362623454	0.26376816084335397	

0.0	0.6202155525702743	0.16040610617826945	0.2739370737396897	
0.6202155525702743	0.0	0.4837418097398515	0.9419707637251914	
0.16040610617826945	0.4837418097398515	0.0	0.7430103300316847	
0.2739370737396897	0.9419707637251914	0.7430103300316847	0.0	

5.385943187487282	357.4334332432961	95.91179534792128	104.2624628568871	
101.78668246127519	392.9149962119697	78.8827844799155	126.77037285044267	
170.8626526616294	156.4540526020603	121.37383153841192	82.39008255115715	
143.3916969612304	73.5249834570102	136.56748638615983	73.22387095654585	

-1.0	-1.0	128.48010535743774	77.83306195289556	
-1.0	-1.0	125.63177711430913	79.59769597863172	
-1.0	-1.0	133.39223022386273	74.96688512680018	
-1.0	-1.0	117.75146222672863	84.92463542189526	

76.99987958575676	253.170970386409
180.6694669411907	386.332062312744
292.23648420004133	143.94849135480985
143.3916969612304	19.99224727265772

0.0	0.6075172699423771	0.3873736694845634	0.9292357066261401	
0.6075172699423771	0.0	0.9580914356867284	0.4921849132556927	
0.3873736694845634	0.9580914356867284	0.0	0.9615994628448072	
0.9292357066261401	0.4921849132556927	0.9615994628448072	0.0	

0.3415416131683856	0.12148204872379054	0.8694672091530986	0.4727881251798086	
0.8213569314065273	0.5737311506560749	0.6951322524482484	0.980480487509034	
0.5599465988546383	0.4865677017554939	0.6811782249689126	0.7268446122762889	
0.8634430461100404	0.773589444275173	0.0870872726339309	0.824911339965559	

0.0	0.2819424730791127	0.7797690163053869	0.8051183449454818	
0.2819424730791127	0.0	0.7788109342670119	0.14493000691572566	
0.7797690163053869	0.7788109342670119	0.0	0.034950396617744794	
0.8051183449454818	0.14493000691572566	0.034950396617744794	0.0	

195.56795295675423	130.7233460888247	83.42441406535971	119.86898693906795	
287.79509771775986	311.9126092818765	110.85745440742262	90.20593205440261	
259.91942512734164	391.3540163360281	126.08133782533378	79.31387921861565	
79.73248253825572	217.7004529741733	132.82576425052628	75.28659862358276	

-1.0	-1.0	127.9662537773297	78.14560249142485	
-1.0	-1.0	107.09403709586138	93.3758804054502	
-1.0	-1.0	99.12042766449547	100.88737746217332	
-1.0	-1.0	107.82494317417706	92.74291926911856	

278.99236702211397	89.91541446859662
322.1848711527313	221.70667722747385
365.832437122809	391.3540163360281
79.73248253825572	177.16062747553053

0.0	0.5022987759771063	0.7985722773329362	0.8021550892857776	
0.5022987759771063	0.0	0.2556391276144826	0.47956355089382474	
0.7985722773329362	0.2556391276144826	0.0	0.6194158566226307	
0.8021550892857776	0.47956355089382474	0.6194158566226307	0.0	

0.2688338502037071	0.35926760860634643	0.4602413474888426	0.47734224212437804	
0.5710928197769017	0.1279495566077904	0.8936525965062937	0.1354399431300788	
0.570503128714457	0.621249225195185	0.06958471771259533	0.20140433150978965	
0.30046470861606034	0.029304784850144094	0.1094547116983905	0.9375749758275488	

0.0	0.22317585640938742	0.9603781188673713	0.9345897039301699	
0.22317585640938742	0.0	0.6152263405234438	0.001850424970415765	
0.9603781188673713	0.6152263405234438	0.0	0.7501248539146248	
0.9345897039301699	0.001850424970415765	0.7501248539146248	0.0	

0.028115681579716778	346.4199329873651	141.05337210287544	70.8951501897213	
254.08830519152053	116.58053320602801	122.88505334174273	81.37686177496337	
11.331778817619945	237.65167401476705	128.12477238820122	78.04891914033075	
11.425686336453005	130.09822812441428	127.33603117670981	78.53236752857924	

-1.0	-1.0	130.60718002927425	76.56546904816874	
-1.0	-1.0	74.69164188210914	133.88378870802808	
-1.0	-1.0	117.00249428235153	85.46826340187162	
-1.0	-1.0	114.49769553022469	87.33800233874783	

141.08148778445516	302.3576429220048
254.08830519152053	93.64778851306
11.331778817619945	234.64776161654018
103.71393899609663	51.565860595835034

0.0	0.8251170237235881	0.15862622592310227	0.8229284600982528	
0.8251170237235881	0.0	0.39531433449623987	0.008250453497273491	
0.15862622592310227	0.39531433449623987	0.0	0.018078396797899243	
0.8229284600982528	0.008250453497273491	0.018078396797899243	0.0	

0.7038531372634368	0.6192922094473017	0.8525924611395739	0.35992387101384093	
0.14233728641780596	0.2632584113942976	0.7782302846953967	0.7859525519427744	
0.38394190810821904	0.2240060022468252	0.7104632578847179	0.581187681168352	
0.22411510966294268	0.017567646684294558	0.8957311666793243	0.39576315524967176	

0.0	0.8865258328809174	0.9745650156031659	0.6934302027422369	
0.8865258328809174	0.0	0.8261355782831431	0.9111107602378574	
0.9745650156031659	0.8261355782831431	0.0	0.3826841265180334	
0.6934302027422369	0.9111107602378574	0.3826841265180334	0.0	

76.6333027202924	218.1740480006764	95.6316789351915	104.56785984879431	
20.656253854735127	102.23666089417168	128.8621333125334	77.60231607951643	
3.818971050097666	350.98553330244295	72.12534747148494	138.64751229037117	
91.28930084654341	348.92074261622594	76.70878139494775	130.363171180016	

-1.0	-1.0	106.08053127383626	94.26800450486058	
-1.0	-1.0	140.61410661830365	71.11662009235641	
-1.0	-1.0	108.9354735714636	91.79746204012986	
-1.0	-1.0	109.87924222218778	91.00900040590844	

76.6333027202924	124.0465210293637
135.85954327969628	102.23666089417168
74.69119602788857	350.98553330244295
167.99808224149115	299.32100847024867

0.0	0.11945184773996953	0.4960245850728655	0.8970445458202898	
0.11945184773996953	0.0	0.5412711904402496	0.22621148947787995	
0.4960245850728655	0.5412711904402496	0.0	0.21454452000480861	
0.8970445458202898	0.22621148947787995	0.21454452000480861	0.0	

0.8312048111589436	0.38825672876859674	0.5316776053753275	0.6546183759730677	
0.5750070046499443	0.5389094015700421	0.667882365112879	0.11683503016332042	
0.06535607675315758	0.04655562915241118	0.44774353513090304	0.6616212805265782	
0.7927970690323087	0.43760813314219604	0.8812012393675265	0.7289283180638637	

0.0	0.15762600936188031	0.1107360493341839	0.7584336642481191	
0.15762600936188031	0.0	0.9459377005532474	0.25261927226120306	
0.1107360493341839	0.9459377005532474	0.0	0.6246672994262576	
0.7584336642481191	0.25261927226120306	0.6246672994262576	0.0	

