10

836	836

20

15

167.03015363909907	116.43656297293956	123.35993423528438	81.06359704218876	
632.5499455693105	112.55590005167801	130.8261152278643	76.43733808485148	
503.6657421330858	477.77207378597956	96.06839800989027	104.09250291620869	
444.756488559912	109.28392238275	111.13625382414416	89.97963900981803	
315.490577274429	110.17658155141862	121.66998932749745	82.1895362634013	
631.4228635695135	476.7880749263007	105.83238838826834	94.48903263255195	
654.7152802884875	634.2199608985388	91.71027035792662	109.03904176677295	
633.2878095125025	373.7841059840631	99.05733050397596	100.95164031902334	
329.2807574456915	633.0470627724139	93.29270088247655	107.18952185334716	
351.35015405820485	238.1323944305533	85.09525707879894	117.51536270393912	
33.16070728658491	460.22163943515545	127.68640170170966	78.31687530330103	
34.17611545851252	794.4651253264077	125.35140109317189	79.77573375958633	
329.49312724747637	398.6968964749916	89.28620339905218	111.99938645958996	
587.1150409857362	209.38431942381192	133.94816075919698	74.65574699437143	
441.89285095061047	708.5585256171803	132.66709374080835	75.37664177325686	
428.63152632082483	803.356829616233	114.94472489647892	86.9983377576149	
182.7657637521822	231.228357657478	97.86966212072413	102.17670913857663	
175.24139404648173	825.0755385710584	130.02617734858623	76.90759048611476	
430.15843430323844	622.0650147264917	110.4239705109691	90.56004736767402	
639.2195412061551	820.0888886251208	107.13540455079199	93.33982582068923	

-1.0	-1.0	102.2674706529274	97.78280362421138	
-1.0	-1.0	138.33473794251074	72.28842262422768	
-1.0	-1.0	123.98434737475729	80.6553424826589	
-1.0	-1.0	77.01402641096566	129.84647688250394	
-1.0	-1.0	122.4660576972468	81.65527810751773	
-1.0	-1.0	76.74456035945656	130.30239476468364	
-1.0	-1.0	82.35422751817333	121.42667476048237	
-1.0	-1.0	89.77978983117384	111.38364234093744	
-1.0	-1.0	139.5852824278514	71.640790676974	
-1.0	-1.0	122.2704491651078	81.78591040012054	
-1.0	-1.0	117.61477186801065	85.02333372905042	
-1.0	-1.0	115.49791089251552	86.58165262665386	
-1.0	-1.0	128.48736713281858	77.82866302850542	
-1.0	-1.0	117.04549982527315	85.43686015206148	
-1.0	-1.0	102.86881138070763	97.2111941975392	

184.05927853480003	35.37296593075075
763.3760607971748	76.06912970823589
516.6772404961431	373.6795708697709
444.756488559912	91.16163333848544
315.490577274429	33.11772907598265
730.332724099528	382.2990422937487
654.8849832628014	634.2199608985388
732.3451400164785	298.057771537314
401.41233185912	633.0470627724139
436.4454111370038	186.22023075278548
160.84710898829456	414.3309131207879
129.57653161289275	714.6893915668213
362.236767629464	398.6968964749916
721.0632017449332	162.98476782812224
441.89285095061047	687.3166978556283
428.63152632082483	800.008475938902
253.69792664468616	129.0516485189014
305.267571395068	761.6177764074029
461.95228230293117	531.5049673588176
672.7819297075071	726.7490628044316

0.0	0.6127319296096772	0.579583401833718	0.21759747774777582	0.7038531372634368	0.6192922094473017	0.8525924611395739	0.35992387101384093	0.14233728641780596	0.2632584113942976	0.7782302846953967	0.7859525519427744	0.38394190810821904	0.2240060022468252	0.7104632578847179	0.581187681168352	0.22411510966294268	0.017567646684294558	0.8957311666793243	0.39576315524967176	
0.6127319296096772	0.0	0.9745650156031659	0.6934302027422369	0.6611931480804464	0.22136642537853735	0.8261355782831431	0.9111107602378574	0.7551062372981526	0.16139474141929744	0.9470476082642408	0.3826841265180334	0.41767556686383933	0.09851124862614957	0.9512018782161367	0.9089959808098786	0.8038823650132835	0.03858942446968261	0.5793055778861135	0.5406481521154689	
0.579583401833718	0.9745650156031659	0.0	0.4809486236229036	0.7045407462590412	0.47591931505320473	0.3157862364041927	0.013471049858829298	0.34827743242923315	0.12623569863658413	0.3980976649962239	0.011993625769104344	0.7824329418875842	0.8433520306375948	0.2213061707089512	0.9001573438284151	0.3237302137063982	0.9463286756495264	0.6751059054736419	0.8940042079355849	
0.21759747774777582	0.6934302027422369	0.4809486236229036	0.0	0.5781513465802502	0.9102431066386684	0.36804085498443373	0.3804735163851293	0.5848980953019984	0.36487406196549477	0.3052835403741204	0.11945184773996953	0.4960245850728655	0.8970445458202898	0.08460743923499658	0.03973591161503898	0.5412711904402496	0.22621148947787995	0.5958099922207026	0.6853257139987133	
0.7038531372634368	0.6611931480804464	0.7045407462590412	0.5781513465802502	0.0	0.5167827020234474	0.8312048111589436	0.38825672876859674	0.5316776053753275	0.6546183759730677	0.5750070046499443	0.5389094015700421	0.667882365112879	0.11683503016332042	0.06535607675315758	0.04655562915241118	0.44774353513090304	0.6616212805265782	0.7927970690323087	0.43760813314219604	
0.6192922094473017	0.22136642537853735	0.47591931505320473	0.9102431066386684	0.5167827020234474	0.0	0.16187337401710056	0.5347658144722123	0.9459377005532474	0.25261927226120306	0.6876921635228469	0.3405960742907703	0.3717267314673999	0.6246672994262576	0.8392717250803775	0.2091700178160688	0.3148051609982546	0.22732214924684568	0.4168719410226235	0.9848217986709114	
0.8525924611395739	0.8261355782831431	0.3157862364041927	0.36804085498443373	0.8312048111589436	0.16187337401710056	0.0	0.6862932699292378	0.9943833767204104	0.6081128092036293	0.5138088934199557	0.720927415412676	0.667492731485597	0.427355458662271	0.681472105364802	0.3039746852870604	0.15196918993391528	0.34293339475406837	0.5153175224284827	0.8043474895624576	
0.35992387101384093	0.9111107602378574	0.013471049858829298	0.3804735163851293	0.38825672876859674	0.5347658144722123	0.6862932699292378	0.0	0.9928367009040616	0.9402996052562312	0.04949478094203785	0.622525386090554	0.6438829080164732	0.007769857322871054	0.6642313558818799	0.8083838567937471	0.5095263025685933	0.848302043883223	0.08732764073087396	0.932958339918999	
0.14233728641780596	0.7551062372981526	0.34827743242923315	0.5848980953019984	0.5316776053753275	0.9459377005532474	0.9943833767204104	0.9928367009040616	0.0	0.7263241885057262	0.5686323018115748	0.20753055801560594	0.4827986082772642	0.22153912116075358	0.05552570556077663	0.21281229193375484	0.5979314926529696	0.35656578972592223	0.6841299651123731	0.48200412928469005	
0.2632584113942976	0.16139474141929744	0.12623569863658413	0.36487406196549477	0.6546183759730677	0.25261927226120306	0.6081128092036293	0.9402996052562312	0.7263241885057262	0.0	0.27124583257736323	0.02310344398023656	0.20803344469897422	0.7527168913942223	0.35858299331979526	0.6072745030750947	0.2620156926075303	0.71589378751465	0.6356167955781319	0.7957733531178135	
0.7782302846953967	0.9470476082642408	0.3980976649962239	0.3052835403741204	0.5750070046499443	0.6876921635228469	0.5138088934199557	0.04949478094203785	0.5686323018115748	0.27124583257736323	0.0	0.6950831403754101	0.9729959001013736	0.08205725613715653	0.4531593385669782	0.37173308231014657	0.44701597056917974	0.1673380511212561	0.41205896379216944	0.6065796381963894	
0.7859525519427744	0.3826841265180334	0.011993625769104344	0.11945184773996953	0.5389094015700421	0.3405960742907703	0.720927415412676	0.622525386090554	0.20753055801560594	0.02310344398023656	0.6950831403754101	0.0	0.46586070883833464	0.4029877242289589	0.35102536433194487	0.7338987983640696	0.42330032236699133	0.4239239233002673	0.08748609429563281	0.13093860387677514	
0.38394190810821904	0.41767556686383933	0.7824329418875842	0.4960245850728655	0.667882365112879	0.3717267314673999	0.667492731485597	0.6438829080164732	0.4827986082772642	0.20803344469897422	0.9729959001013736	0.46586070883833464	0.0	0.18306420411575108	0.16115079444949876	0.17400513969978226	0.19779613372391158	0.3150528117203909	0.3605746423549765	0.9232720379396585	
0.2240060022468252	0.09851124862614957	0.8433520306375948	0.8970445458202898	0.11683503016332042	0.6246672994262576	0.427355458662271	0.007769857322871054	0.22153912116075358	0.7527168913942223	0.08205725613715653	0.4029877242289589	0.18306420411575108	0.0	0.9743352501244895	0.1531500791869187	0.2325142596347658	0.8404861471500082	0.10939210622999485	0.4568966906248976	
0.7104632578847179	0.9512018782161367	0.2213061707089512	0.08460743923499658	0.06535607675315758	0.8392717250803775	0.681472105364802	0.6642313558818799	0.05552570556077663	0.35858299331979526	0.4531593385669782	0.35102536433194487	0.16115079444949876	0.9743352501244895	0.0	0.42011864496089957	0.8141931208949518	0.4596246460632418	0.008104274462181316	0.8366246602422216	
0.581187681168352	0.9089959808098786	0.9001573438284151	0.03973591161503898	0.04655562915241118	0.2091700178160688	0.3039746852870604	0.8083838567937471	0.21281229193375484	0.6072745030750947	0.37173308231014657	0.7338987983640696	0.17400513969978226	0.1531500791869187	0.42011864496089957	0.0	0.1739706677590639	0.2044922520750545	0.31676037571202664	0.7631234985242143	
0.22411510966294268	0.8038823650132835	0.3237302137063982	0.5412711904402496	0.44774353513090304	0.3148051609982546	0.15196918993391528	0.5095263025685933	0.5979314926529696	0.2620156926075303	0.44701597056917974	0.42330032236699133	0.19779613372391158	0.2325142596347658	0.8141931208949518	0.1739706677590639	0.0	0.7487796038979483	0.5695277152545833	0.8662537638243654	
0.017567646684294558	0.03858942446968261	0.9463286756495264	0.22621148947787995	0.6616212805265782	0.22732214924684568	0.34293339475406837	0.848302043883223	0.35656578972592223	0.71589378751465	0.1673380511212561	0.4239239233002673	0.3150528117203909	0.8404861471500082	0.4596246460632418	0.2044922520750545	0.7487796038979483	0.0	0.5322566380743314	0.8029224477629986	
0.8957311666793243	0.5793055778861135	0.6751059054736419	0.5958099922207026	0.7927970690323087	0.4168719410226235	0.5153175224284827	0.08732764073087396	0.6841299651123731	0.6356167955781319	0.41205896379216944	0.08748609429563281	0.3605746423549765	0.10939210622999485	0.008104274462181316	0.31676037571202664	0.5695277152545833	0.5322566380743314	0.0	0.07456097606912004	
0.39576315524967176	0.5406481521154689	0.8940042079355849	0.6853257139987133	0.43760813314219604	0.9848217986709114	0.8043474895624576	0.932958339918999	0.48200412928469005	0.7957733531178135	0.6065796381963894	0.13093860387677514	0.9232720379396585	0.4568966906248976	0.8366246602422216	0.7631234985242143	0.8662537638243654	0.8029224477629986	0.07456097606912004	0.0	

0.31658714311953784	0.9859650148851123	0.28551753007704017	0.8866847722734531	0.30685113724304114	0.605828040092922	0.10318290301519562	0.08425945883968444	0.5943320938865253	0.5979444190784265	0.3225621496545913	0.21698467283260392	0.8274624634181681	0.5821175177585202	0.28005177056345476	
0.476239980224482	0.5767961890536157	0.5362441587357022	0.5823508234919331	0.28283685398454095	0.5185700052698288	0.42450769851289416	0.1784408486336274	0.5509789751539507	0.826963764541996	0.009009384812996069	0.29463822687493313	0.040156489435424825	0.9092460525915332	0.4499710386316542	
0.9123147347949778	0.9181728985824135	0.8103732032571743	0.9998375645003263	0.4883903753748585	0.31182498969038797	0.7122435046083613	0.9530526706057153	0.04545979497697605	0.9313254636336955	0.957690500545767	0.025977251139185586	0.591421697215663	0.8203789780880265	0.9404327873077919	
0.5103642259082831	0.06773867918468035	0.9058920564880036	0.019579899815217683	0.8689999274187608	0.6709621447809494	0.29961801176941993	0.3409268946037839	0.9235665586323105	0.4439155244331331	0.23860829212708234	0.07715346816982827	0.4224763171953879	0.4909359254726673	0.14216171370062913	
0.13517547137581465	0.5703724393800524	0.035833292865023014	0.5100337663494356	0.8212802786477159	0.05118829678416248	0.8117327206031609	0.28998802867420226	0.30330957540561787	0.18310050112789467	0.9487244136190995	0.9023425400298545	0.9640367634382745	0.1064077042096836	0.6082529948843675	
0.3249836791905736	0.9010179990004237	0.3243117225149218	0.10243590074210862	0.5143912992763282	0.8955795975687485	0.4917733039247235	0.13200834715216736	0.9665379604501766	0.14723676497369886	0.07905970792665806	0.07835034667973306	0.4060967647114828	0.9497218802273746	0.42429715332973683	
0.9930584527356239	0.43321140484257414	0.2709327001239351	0.7332859082614144	0.04278394128756691	0.45415331588336727	0.8914945320052425	0.7850315764479361	0.6875653916469183	0.3755103434047182	0.3552625593214499	0.4578911833117082	0.7976428041388973	0.3511222624716981	0.4899735187621398	
0.7039280730452359	0.24674729298133213	0.3367985444573537	0.6673889386198751	0.26801491670341293	0.25911881732322584	0.32992382515193264	0.289654604331693	0.27341939090153256	0.9330117842292748	0.949377530586384	0.21223407052268695	0.7770527192466553	0.915206313567528	0.4457634142454725	
0.9436566376518417	0.5352558883569459	0.1590510939333235	0.322766433803248	0.498452985690614	0.514944445731179	0.0628208143247656	0.4975230380503701	0.7220347710621557	0.13512766070865012	0.05567984028465811	0.33121290809474024	0.754906992659243	0.830263136337098	0.875301016199455	
0.920649361925613	0.058484727112737	0.289603490526695	0.36419649727508596	0.7574662050654819	0.08591910141369219	0.6456368237605962	0.6010753917181615	0.2335696896076157	0.24871945847215615	0.9599180284092186	0.5790504278158107	0.49984364131083214	0.30359226043328513	0.586033779972592	
0.4442745506606588	0.8696668588407713	0.663799400235549	0.3771382120913891	0.5165949166455956	0.2996218835984138	0.42547190639322396	0.2494431064570244	0.9280707056078816	0.4768445984721723	0.09169760706625973	0.3132404421871846	0.7357082489016664	0.6957842581442991	0.07583406121464509	
0.6394812790996799	0.7915252910648621	0.01671446575222646	0.07038108623086647	0.7426297087428658	0.4860634385393573	0.16415496616964775	0.2788799913623161	0.029456484518991077	0.7207263703874223	0.2454354565058583	0.32568920917904065	0.7886317025935091	0.1098283619012046	0.6479520602243547	
0.3821190738632926	0.7774215452742432	0.46499660419933064	0.40823795080840664	0.6772911609285888	0.09948941117526067	0.07257708688600517	0.9367899815071121	0.09822071258243592	0.8617468907630084	0.13895342197927618	0.22966278135710394	0.026002855421712545	0.04839541904919442	0.04919407106215545	
0.6011631624911565	0.9036168970740498	0.1567449300367868	0.7612025206816552	0.5315469605123775	0.2857452239587712	0.4020909583040171	0.740552190539146	0.4394416068438127	0.2821363891065669	0.7178768139600995	0.33044568387001194	0.060787248080631184	0.3734247444598361	0.35256324946846984	
0.3467459525665588	0.6444102564229123	0.5519518833103827	0.5960729056891078	0.9897846934276435	0.3589128201412639	0.6200176045702611	0.05637211104544271	0.8726611293459244	0.14638276676555262	0.26412156663002495	0.9506984907873864	0.08000212615852897	0.7554981986378425	0.2161388059448155	
0.07613729634226707	0.6916621883765305	0.8399214337970502	0.41100596854533766	0.4806955616671903	0.13260042736348665	0.8174477988937334	0.5553771780435063	0.36871772197371544	0.043178332137441044	0.6511941986493586	0.9328416832050618	0.4434322449267404	0.10338073170755213	0.8361834112343032	
0.5886780781602158	0.7146137859418538	0.3899701557261719	0.6530001976453224	0.2607530118996836	0.7807908627340637	0.39734216036180803	0.18476547468709126	0.5530543958399932	0.7331241259337902	0.8108573552766698	0.6844950451083586	0.8844828909500957	0.12202612977268845	0.48568350431991425	
0.6269801220437392	0.687907526647416	0.8777879933897237	0.8546892499078806	0.1826468764696807	0.18312426519765024	0.6829246184607576	0.16568800052082555	0.9104223401650188	0.8022395667412133	0.056644601432917385	0.5313393770400014	0.18245491302736516	0.0071331902157631966	0.3307967331885441	
0.7642727008960153	0.22560733657145093	0.8060377301158906	0.7718404508506458	0.36550494780364295	0.692961151146279	0.7499050245943256	0.3348322592307039	0.8359836699639128	0.3631407765758249	0.5691124262300645	0.9231162380869008	0.6890929662713812	0.9060870490118779	0.8971947197455976	
0.5713513603776004	0.15621828012187522	0.6509793337995967	0.720670230850246	0.6697043270841636	0.5979740749084057	0.9453259552879255	0.29266269524271205	0.2034813533345593	0.06045566889504672	0.0038130900474067086	0.2529029270594587	0.9951680238565787	0.24888496884684852	0.11132281751501738	

0.0	0.10479139370370705	0.4302768284581039	0.6666004003672488	0.04187391631465753	0.8697141944253812	0.4222614770112023	0.8313724733935013	0.7547060231312802	0.5464157070710558	0.8769555779537532	0.48428709454665775	0.6489832435575578	0.15451007011814277	0.5267826535105112	
0.10479139370370705	0.0	0.9171969263187828	0.9234013897350803	0.7797409214450916	0.01629255861458201	0.6425358777202337	0.471407805961392	0.8067266316651167	0.6250754419379585	0.4963806082696237	0.23523574473871145	0.17193256352048958	0.9189911014283453	0.8805042204364547	
0.4302768284581039	0.9171969263187828	0.0	0.5483925131350667	0.2017828316536927	0.9163945973367636	0.2882839663011566	0.6663776757878821	0.9791285461798792	0.6255364928971401	0.4545649595836493	0.2592292802900136	0.41775618313666274	0.5999892878259456	0.767984261684181	
0.6666004003672488	0.9234013897350803	0.5483925131350667	0.0	0.28399447872636663	0.8664223096073832	0.2720170465771654	0.11808989170151996	0.4504827989480432	0.38714437877286445	0.8757812632422534	0.45377510019753653	0.9251106582576251	0.8550226482037209	0.3436961215512182	
0.04187391631465753	0.7797409214450916	0.2017828316536927	0.28399447872636663	0.0	0.21073914885895284	0.003235058793498391	0.8380454751527645	0.5570376250976284	0.24690301516267232	0.22204277148941398	0.8153612477528626	0.6731970579563737	0.39293837577583335	0.8354561175670837	
0.8697141944253812	0.01629255861458201	0.9163945973367636	0.8664223096073832	0.21073914885895284	0.0	0.6350925048409963	0.7776854177563934	0.10419980672467344	0.07977259775073209	0.9505536165507076	0.7416707721711104	0.008969313491408837	0.2653282043587869	0.9081410142693794	
0.4222614770112023	0.6425358777202337	0.2882839663011566	0.2720170465771654	0.003235058793498391	0.6350925048409963	0.0	0.3651410893271988	0.6739529716035862	0.43656489387488695	0.17352231414647878	0.4875495945171675	0.8510590280455224	0.26574336102067764	0.3288189265828475	
0.8313724733935013	0.471407805961392	0.6663776757878821	0.11808989170151996	0.8380454751527645	0.7776854177563934	0.3651410893271988	0.0	0.3557640518199062	0.8786302395780499	0.6314540562448393	0.38439148680077273	0.19182306074950517	0.7878772171280107	0.37770025875952473	
0.7547060231312802	0.8067266316651167	0.9791285461798792	0.4504827989480432	0.5570376250976284	0.10419980672467344	0.6739529716035862	0.3557640518199062	0.0	0.21708662443934634	0.30895130348962063	0.14505387851105656	0.3206885151874227	0.6700219215317982	0.0774206160603883	
0.5464157070710558	0.6250754419379585	0.6255364928971401	0.38714437877286445	0.24690301516267232	0.07977259775073209	0.43656489387488695	0.8786302395780499	0.21708662443934634	0.0	0.08621458837873885	0.7855518761944171	0.4988502011426782	0.1132830182149328	0.6546898724320018	
0.8769555779537532	0.4963806082696237	0.4545649595836493	0.8757812632422534	0.22204277148941398	0.9505536165507076	0.17352231414647878	0.6314540562448393	0.30895130348962063	0.08621458837873885	0.0	0.36225031964014165	0.8497605046484684	0.3608354156995567	0.8329949641448232	
0.48428709454665775	0.23523574473871145	0.2592292802900136	0.45377510019753653	0.8153612477528626	0.7416707721711104	0.4875495945171675	0.38439148680077273	0.14505387851105656	0.7855518761944171	0.36225031964014165	0.0	0.8045897658505242	0.7254211683058719	0.8024969678133878	
0.6489832435575578	0.17193256352048958	0.41775618313666274	0.9251106582576251	0.6731970579563737	0.008969313491408837	0.8510590280455224	0.19182306074950517	0.3206885151874227	0.4988502011426782	0.8497605046484684	0.8045897658505242	0.0	0.4945009129516107	0.925246967387675	
0.15451007011814277	0.9189911014283453	0.5999892878259456	0.8550226482037209	0.39293837577583335	0.2653282043587869	0.26574336102067764	0.7878772171280107	0.6700219215317982	0.1132830182149328	0.3608354156995567	0.7254211683058719	0.4945009129516107	0.0	0.1599833170804006	
0.5267826535105112	0.8805042204364547	0.767984261684181	0.3436961215512182	0.8354561175670837	0.9081410142693794	0.3288189265828475	0.37770025875952473	0.0774206160603883	0.6546898724320018	0.8329949641448232	0.8024969678133878	0.925246967387675	0.1599833170804006	0.0	

150.11885680123555	436.68503676261867	141.25763812326855	70.7926320506187	
587.2027924219583	178.8915678532262	103.83897788634002	96.30295100695031	
170.84662388300003	319.0494411137918	107.16070571193345	93.31778783616575	
454.36444256943	822.3297728243406	110.36416007740176	90.60912521770378	
468.80133633327017	77.56142732689659	131.413071101337	76.09593106829278	
463.8896056237771	204.72680750731956	120.0919601750877	83.26952100224304	
35.053660945533565	219.4788440908868	74.96080284887526	133.40305359536373	
10.787491015131003	560.5518321712065	125.33850799784713	79.78393998572062	
705.1364005231735	82.29259991538356	121.5407641345474	82.27692224256427	
714.545230070744	417.0989692695884	111.3021062254271	89.84555943394616	
315.66835641909586	203.38809109719375	107.80025510153065	92.76415895845139	
0.6979621924934065	76.24275871218549	134.00385978181984	74.62471615580053	
466.0397897708697	668.8208544181443	104.61514786186899	95.58845161891593	
748.9859211969548	318.3777197105028	75.5069409808784	132.4381556197917	
210.88410420156487	164.4049873261347	80.0190954067827	124.97017054697129	
573.0210620027372	302.1455597650312	138.9296654137758	71.97886765376485	
440.39821674454373	310.7597604193394	125.45174085922562	79.71192692512253	
300.83751564382675	407.86195415141066	139.12056610589747	71.88009853545363	
696.6019779680041	178.28182076110215	113.0630746614982	88.44620606629707	
459.61670954298796	542.7204119551368	95.22032436722357	105.01959604164263	

-1.0	-1.0	124.61978717426122	80.24407862305662	
-1.0	-1.0	113.97515784721547	87.73841764189591	
-1.0	-1.0	126.0668137906476	79.32301689329964	
-1.0	-1.0	108.75901249912533	91.9464030631983	
-1.0	-1.0	119.90679004702119	83.3981127847599	
-1.0	-1.0	108.05238911138973	92.54769915074378	
-1.0	-1.0	109.13687016655024	91.62806286032689	
-1.0	-1.0	74.16113525757305	134.84151726195208	
-1.0	-1.0	110.80649753710922	90.24741528944175	
-1.0	-1.0	86.22833357517678	115.9711615124936	
-1.0	-1.0	134.08436080687775	74.57991327119082	
-1.0	-1.0	127.26802400177972	78.5743322286528	
-1.0	-1.0	100.52599466388615	99.4767575634095	
-1.0	-1.0	131.00287942427744	76.33420001107855	
-1.0	-1.0	140.68864784500107	71.07894029244747	

192.08071193652466	365.892404712
691.0417703082983	135.07879042500917
191.34458860577828	319.0494411137918
564.7286026468317	776.6894088998212
599.3990641394087	1.465496258603821
564.9795874480717	204.72680750731956
110.01446379440881	172.87283493420716
136.12599901297813	512.3849865259315
826.6771646577209	64.30999777212674
733.2889681520473	327.2534098356423
363.89198972474446	110.62393213874236
88.62980636514072	1.6180425563849212
466.0397897708697	606.7008500118642
753.6423208357386	318.3777197105028
279.83634857675435	39.434816779163384
587.4743175552886	302.1455597650312
524.4884421539731	310.7597604193394
318.510262426001	407.86195415141066
696.6019779680041	109.29538386488241
519.6622686702154	437.70081591349424

0.0	0.21821905625744098	0.32931279235199684	0.8361023854289268	0.2889124111856609	0.2661418150186001	0.7760842995044925	0.4789614623869527	0.5567335473691637	0.6404367202216836	0.4433542427409134	0.9763977349703854	0.24349829584496208	0.3775919582649495	0.21756465226085364	0.8120858805658815	0.5803908822517656	0.44027705591974	0.17843897159204802	0.1564731428075552	
0.21821905625744098	0.0	0.49706756285281284	0.7021495847252055	0.26662782152892717	0.6223755633712795	0.715818692643959	0.06403476776795025	0.04892927798147184	0.8388072856449212	0.013987205843148609	0.17080306844545867	0.8681712710350643	0.6446815378544936	0.03672631873379373	0.8054148621963476	0.6204754332430964	0.23877248054972677	0.7446902748292655	0.34031677610065625	
0.32931279235199684	0.49706756285281284	0.0	0.7568184708927865	0.11970059852226433	0.9295901275265651	0.5201163321289224	0.23834974329784286	0.3913756560480097	0.055258717695736204	0.6472746727807606	0.9837465955315409	0.9579185796280641	0.17524432696061132	0.4511442058133903	0.3994099837030268	0.6903356614194732	0.6711148112006519	0.1371001597134056	0.49812688649211356	
0.8361023854289268	0.7021495847252055	0.7568184708927865	0.0	0.5531154434058165	0.8662931591779424	0.5244709995504243	0.8726829426597517	0.8190180785575552	0.5069045551141929	0.36602805550926476	0.7747454180752313	0.8875952556710568	0.9263271022576891	0.8958450628659376	0.9820736909084623	0.9123514500905199	0.41645793626402816	0.8839860826344911	0.7997373040725568	
0.2889124111856609	0.26662782152892717	0.11970059852226433	0.5531154434058165	0.0	0.7816754040809462	0.8233456316389876	0.30145404616986204	0.2832469638455216	0.01608988525152122	0.4613524908679838	0.15414886718800103	0.5451015811608603	0.8373807610527016	0.17667927180375675	0.8719593709132036	0.30963264086745723	0.753672582298403	0.9600157497317006	0.06148817569063658	
0.2661418150186001	0.6223755633712795	0.9295901275265651	0.8662931591779424	0.7816754040809462	0.0	0.8368010454758386	0.5751409494190177	0.8252970246990076	0.3069924715299709	0.6220433675308241	0.012226952537936264	0.5391720094227141	0.7753762557673887	0.8915197785908453	6.724849754383699E-4	0.35897044607338124	0.36423570102530456	0.1745319788764107	0.8192310584357686	
0.7760842995044925	0.715818692643959	0.5201163321289224	0.5244709995504243	0.8233456316389876	0.8368010454758386	0.0	0.3732218218050525	0.2547126545566276	0.30340355128176666	0.20787017208836245	0.008498890639637047	0.9477345479891381	0.09966087481546604	0.4598564581246707	0.9695829844343157	0.8169335128646062	0.06580448054658594	0.8329762179475441	0.2100239138857669	
0.4789614623869527	0.06403476776795025	0.23834974329784286	0.8726829426597517	0.30145404616986204	0.5751409494190177	0.3732218218050525	0.0	0.843603302128709	0.5068202636777602	0.5537415669306082	0.3587350402799182	0.36541551302928554	0.4501012148614951	0.21125614803708992	0.9832209531197053	0.9067857748087799	0.13568408542227295	0.46660795069637373	0.8612772086707312	
0.5567335473691637	0.04892927798147184	0.3913756560480097	0.8190180785575552	0.2832469638455216	0.8252970246990076	0.2547126545566276	0.843603302128709	0.0	0.4685525218842469	0.8216273396579031	0.39476021529567906	0.46677354847067865	0.9528791428213225	0.5192910260115735	0.9557727625900839	0.8181607367330216	0.13047063532797898	0.8680985695077403	0.936307491455228	
0.6404367202216836	0.8388072856449212	0.055258717695736204	0.5069045551141929	0.01608988525152122	0.3069924715299709	0.30340355128176666	0.5068202636777602	0.4685525218842469	0.0	0.0782467053734145	0.7911317641877024	0.7911034804203771	0.9103777839765502	0.0349207408943536	0.6622901631512452	0.3669349955264134	0.6364696066783421	0.6442124125934384	0.2166997001977301	
0.4433542427409134	0.013987205843148609	0.6472746727807606	0.36602805550926476	0.4613524908679838	0.6220433675308241	0.20787017208836245	0.5537415669306082	0.8216273396579031	0.0782467053734145	0.0	0.5529614511672784	0.9751590342495764	0.19491424748333663	0.6719471574163074	0.16267037918731242	0.5895014558663594	0.19506102944429504	0.0016697832297468684	0.6145755913290458	
0.9763977349703854	0.17080306844545867	0.9837465955315409	0.7747454180752313	0.15414886718800103	0.012226952537936264	0.008498890639637047	0.3587350402799182	0.39476021529567906	0.7911317641877024	0.5529614511672784	0.0	0.21190135317320236	6.468263470511548E-4	0.12704238335686602	0.8641601205799266	0.0036501982643438735	0.7380030357332608	0.5184194982779198	0.8018101983759732	
0.24349829584496208	0.8681712710350643	0.9579185796280641	0.8875952556710568	0.5451015811608603	0.5391720094227141	0.9477345479891381	0.36541551302928554	0.46677354847067865	0.7911034804203771	0.9751590342495764	0.21190135317320236	0.0	0.3238041481034023	0.37798455235433204	0.507082280843139	0.25752340007938623	0.23973527240295966	0.21993206102018148	0.7184339080598011	
0.3775919582649495	0.6446815378544936	0.17524432696061132	0.9263271022576891	0.8373807610527016	0.7753762557673887	0.09966087481546604	0.4501012148614951	0.9528791428213225	0.9103777839765502	0.19491424748333663	6.468263470511548E-4	0.3238041481034023	0.0	0.7961179398107238	0.05867880639208767	0.9086181014714039	0.9470645644308205	0.37875629670000266	0.5789031863123875	
0.21756465226085364	0.03672631873379373	0.4511442058133903	0.8958450628659376	0.17667927180375675	0.8915197785908453	0.4598564581246707	0.21125614803708992	0.5192910260115735	0.0349207408943536	0.6719471574163074	0.12704238335686602	0.37798455235433204	0.7961179398107238	0.0	0.9814092636857426	0.12656827386511493	0.48118490789829316	0.08546616198073809	0.6326180012602912	
0.8120858805658815	0.8054148621963476	0.3994099837030268	0.9820736909084623	0.8719593709132036	6.724849754383699E-4	0.9695829844343157	0.9832209531197053	0.9557727625900839	0.6622901631512452	0.16267037918731242	0.8641601205799266	0.507082280843139	0.05867880639208767	0.9814092636857426	0.0	0.19644613971098812	0.3228047058537973	0.800256463221041	0.35400930518670637	
0.5803908822517656	0.6204754332430964	0.6903356614194732	0.9123514500905199	0.30963264086745723	0.35897044607338124	0.8169335128646062	0.9067857748087799	0.8181607367330216	0.3669349955264134	0.5895014558663594	0.0036501982643438735	0.25752340007938623	0.9086181014714039	0.12656827386511493	0.19644613971098812	0.0	0.6882242743444742	0.7868293136364174	0.9377157316056853	
0.44027705591974	0.23877248054972677	0.6711148112006519	0.41645793626402816	0.753672582298403	0.36423570102530456	0.06580448054658594	0.13568408542227295	0.13047063532797898	0.6364696066783421	0.19506102944429504	0.7380030357332608	0.23973527240295966	0.9470645644308205	0.48118490789829316	0.3228047058537973	0.6882242743444742	0.0	0.5538463276960629	0.9558131785363219	
0.17843897159204802	0.7446902748292655	0.1371001597134056	0.8839860826344911	0.9600157497317006	0.1745319788764107	0.8329762179475441	0.46660795069637373	0.8680985695077403	0.6442124125934384	0.0016697832297468684	0.5184194982779198	0.21993206102018148	0.37875629670000266	0.08546616198073809	0.800256463221041	0.7868293136364174	0.5538463276960629	0.0	0.7967571203749416	
0.1564731428075552	0.34031677610065625	0.49812688649211356	0.7997373040725568	0.06148817569063658	0.8192310584357686	0.2100239138857669	0.8612772086707312	0.936307491455228	0.2166997001977301	0.6145755913290458	0.8018101983759732	0.7184339080598011	0.5789031863123875	0.6326180012602912	0.35400930518670637	0.9377157316056853	0.9558131785363219	0.7967571203749416	0.0	

0.14275279852209144	0.09218337970825363	0.8357321708391838	0.2715470725399346	0.3170250905926766	0.4943133508715336	0.8843708391596986	0.5331605114526806	0.5035914087778961	0.018930690969622188	0.7085113364700848	0.4440449076128855	0.965765167581183	0.05973600768584686	0.7829435147430688	
0.23955883870158812	0.6645367055270572	0.1925389814664713	0.5730109715291533	0.32257843090585725	0.8838521688400318	0.9809211229989899	0.5634224513956146	0.48328604689795385	0.9049999102702495	0.6535235075932465	0.16754582478531188	0.6052842913015638	0.7378254166559197	0.22928391662919645	
0.4218783963900813	0.8664885933485053	0.43700349051151266	0.8202681467940633	0.9690199549111356	0.7996970782930026	0.45835423112862617	0.6513106161091302	0.3373577518062033	0.09043183187532866	0.8431972148676812	0.8014996080273644	0.9368052498815289	0.658590757293764	0.7579962221077571	
0.7946130131035026	0.5073199521494879	0.3956445879975313	0.0620541844532142	0.94393020881683	0.9805575826582862	0.9105591329443409	0.12777653330977434	0.7914171313483048	0.844903160328491	0.7753180169372867	0.09602834624668344	0.07210022773420277	0.14025251958004215	0.05486615647632909	
0.11336895013776227	0.3815172403373802	0.15129997675532425	0.35649029253169273	0.8684548339576875	0.12745129191981308	0.7167214138176485	0.24009744826465995	0.921660561312056	0.40672637820154434	0.8265242491118111	0.5935479636014278	0.9049739789987754	0.1636619500474984	0.8409691223116499	
0.49614463394071473	0.6584807442731512	0.3588547595670082	0.23185022306061198	0.16857562271518634	0.7652606723572778	0.9052767338775093	0.22055494596169534	0.8390529934785346	0.7482760378051505	0.813247313794699	0.06720532260941425	0.7430849399677115	0.4008401360384638	0.3266598960569994	
0.05131753229565894	0.018264654926327673	0.336512081623099	0.8299114239134298	0.3767977035499588	0.9556542820273144	0.8647713303895056	0.958305090058789	0.3327255266528212	0.9257876012274856	0.7255838808986574	0.6542663277153498	0.046260129450318876	0.31001030434682575	0.04897922733902382	
0.8775322618743843	0.0751347930652706	0.9368224759341525	0.14501547860992148	0.2995454673934633	0.904590978346078	0.8480825803316739	0.3750174515331771	0.5906031013083315	0.13723365559575096	0.7013780448534276	0.4067307034717661	0.8428826456926215	0.7941740264663686	0.7525627373154248	
0.6140421394234572	0.26328598721375907	0.681957420900368	0.1564066959322139	0.24617559204478423	0.5171137294391903	0.22215794380028853	0.27349920038937814	0.26177858534238074	0.006902094891152899	0.4891533422017387	0.7779912144004054	0.40007445825300536	0.9303249148829932	0.45647714038907883	
0.6234587829685587	0.14426175559023635	0.1768836670454439	0.6132774121008664	0.3431141037197162	0.7216003504694927	0.995178736923185	0.17979469698390038	0.7357864859110169	0.1801321129092074	0.8908755726310688	0.12440397304997142	0.720540622302619	0.8837412808041373	0.4000492166312677	
0.06464904130633597	0.030494691918713568	0.47526764610351546	0.2234118329829179	0.9208297042779148	0.4603468736039209	0.4716435851509396	0.7039973365934834	0.8830856325426796	0.5823129158712275	0.1755337185452579	0.7841979638913487	0.8515531453537963	0.20162415680234835	0.5147135825622572	
0.3876181118259271	0.014054413788884501	0.3354295287885585	0.7534319208972274	0.6370304628418908	0.6369107116833393	0.1678908784217651	0.7592587062427942	0.4417904383340332	0.4618549879812287	0.25945662352484555	0.6544288637895537	0.766384878673689	0.3256510252253142	0.2697431054495234	
0.23244953550113412	0.3263611137296465	0.7489101503696995	0.5911493281305636	0.4787466098715152	0.5487035321069873	0.2767281953476479	0.5842753359730587	0.8983837891928809	0.3807940704163043	0.2961494126941897	0.5564105189181815	0.12439564372245926	0.9354142424373161	0.9040957762529245	
0.23080233692422558	0.45703365783914596	0.018816297712322738	0.15428365130940613	0.21711278306122728	0.567231937482147	0.30471113629726543	0.6727823562678884	0.9124136473042278	0.5868577212189614	0.28909157537870367	0.1992519556250404	0.33726829218910237	0.2038188840245887	0.18912908004801998	
0.08453024465633552	0.6428918125454792	0.18185864235484217	0.6339532043488102	0.1551223529994853	0.4130780270256559	0.9328760802187842	0.3359426403381869	0.6412782336017456	0.4285255684036361	0.38386784743717395	0.9282272371064384	0.05772713627635728	0.2613919607575955	0.4010953670219827	
0.8074211814473168	0.024770012777749262	0.9243493902134265	0.4608386135746485	0.1301770284307836	0.022314507355012836	0.8111106949570142	0.08910614620177804	0.07797108590803559	0.9805692365045251	0.3343404992416472	0.8319286323553915	0.12660097403337844	0.42849743434767307	0.9920605804271997	
0.1633705666971712	0.33519634194573744	0.6447625899412227	0.07510470471805053	0.7901534040507804	0.6041139672328576	0.8857812643509901	0.8658731371709727	0.2697903694469169	0.44190902812214117	0.30163205547818184	0.9725821956292329	0.7233916869087872	0.028644433742045283	0.5929509968352503	
0.39340003844092064	0.6948063040702508	0.2661205736432115	0.8105778524389142	0.011304563998700945	0.8845242297089767	0.06517788449515494	0.9545999161412397	0.48319510637012053	0.5697714815452207	0.3360453917729713	0.19057278186904092	0.9057345686189983	0.011487079081219154	0.019778213290244206	
0.5680804061315815	0.2155943382735619	0.044379911545846196	0.02714777226428755	0.10042987420524552	0.013219302560877333	0.3480206078038599	0.13591823796826052	0.9441584443208942	0.3869254781740862	0.6049314917257802	0.738263727105706	0.20316413865666183	0.3580888173177863	0.8658957716502447	
0.8271504064300169	0.5746529785111906	0.7683780408843446	0.9632145709498284	0.7638285339343837	0.6527297831005323	0.7864305912391707	0.7393984206243759	0.17814921836649544	0.2103413479807389	0.7240653702538179	0.19178759963015957	0.8192416937659384	0.191414247216942	0.5210718280556348	

0.0	0.29615638086136686	0.46241213851732177	0.08280984007807424	0.031440802904046716	0.42640021875461653	0.5961701270918195	0.6363004127337195	0.5319693708184724	0.34486012208125416	0.0907466556958576	0.4081823843985388	0.5466193972605546	0.6164317058642779	0.4621663861670734	
0.29615638086136686	0.0	0.3427397929713365	0.592310100217512	0.06132765195446499	0.5545893683093976	0.6566583282304358	0.561840176636217	0.2557213593823735	0.4680015675666964	0.05790705451195155	0.9529341736026498	0.7011062173845397	0.5041273079476437	0.7588229989281757	
0.46241213851732177	0.3427397929713365	0.0	0.5814748922125023	0.6757716988658563	0.11608465965207715	0.7295152913645852	0.9756090698941902	0.7773728561707316	0.6261480072994039	0.8076514000669008	0.41148574794774373	0.4497051409275682	0.5329053947766463	0.25562229959103155	
0.08280984007807424	0.592310100217512	0.5814748922125023	0.0	0.12942997355985553	0.07098973805041442	0.7955667827734448	0.5798532350885721	0.7719031910780161	0.24312253729879163	0.5319098213661783	0.9724267504841276	0.0013858143749869711	0.4814129427902928	0.060145448037329574	
0.031440802904046716	0.06132765195446499	0.6757716988658563	0.12942997355985553	0.0	0.08581226861871194	0.03625115942176327	0.8994914299303625	0.1610039685764023	0.5910510892876261	0.49037438657746246	0.18780498757677122	0.08318131539766582	0.680026068131986	0.36530509634817576	
0.42640021875461653	0.5545893683093976	0.11608465965207715	0.07098973805041442	0.08581226861871194	0.0	0.18739386560171745	0.4402949365229476	0.5819873332436545	0.534652335770324	0.22541914702293453	0.42158482832109534	0.4799758060378604	0.8926402071086402	0.7372711940825148	
0.5961701270918195	0.6566583282304358	0.7295152913645852	0.7955667827734448	0.03625115942176327	0.18739386560171745	0.0	0.13971905305572174	0.42970086570638233	0.9430557702712326	0.012816196754995124	0.10500723889145591	0.7326531745754757	0.3200650560270426	0.6124569614680008	
0.6363004127337195	0.561840176636217	0.9756090698941902	0.5798532350885721	0.8994914299303625	0.4402949365229476	0.13971905305572174	0.0	0.1240927669635542	0.5533097682277681	0.6083129870999249	0.1714268556668297	0.4890077462906026	0.4172247724397571	0.6126538173973072	
0.5319693708184724	0.2557213593823735	0.7773728561707316	0.7719031910780161	0.1610039685764023	0.5819873332436545	0.42970086570638233	0.1240927669635542	0.0	0.9803504913979899	0.8436748576478607	0.7970139343597873	0.1334405207320687	0.9581454612606929	0.8530250652391539	
0.34486012208125416	0.4680015675666964	0.6261480072994039	0.24312253729879163	0.5910510892876261	0.534652335770324	0.9430557702712326	0.5533097682277681	0.9803504913979899	0.0	0.5654091284401671	0.35554453331241365	0.37835710009405843	0.6214812509189941	0.7077990277091807	
0.0907466556958576	0.05790705451195155	0.8076514000669008	0.5319098213661783	0.49037438657746246	0.22541914702293453	0.012816196754995124	0.6083129870999249	0.8436748576478607	0.5654091284401671	0.0	0.7875994408594846	0.6613761454248797	0.416070789662047	0.2800149049165441	
