10

1058	1058

32

24

237.39959755556742	735.3965946205365	79.85509743548549	125.22682109403156	
787.1330357269345	548.4904549513021	112.8159417857854	88.63995497186004	
366.6247675898385	999.6628362135527	100.62321913515028	99.38064082971425	
74.89526093694288	862.3636863910446	101.58785821917161	98.43696062993486	
368.54322782939636	735.2063267123523	98.4299416443994	101.59510239401827	
338.38767229958336	197.7169595434881	122.65246355169616	81.5311793210346	
328.18846408821844	561.0979178204507	111.05468996067097	90.0457243502405	
329.62773220728064	432.9835233393949	129.7156804429355	77.09168209929098	
182.77185969096058	446.581192965219	112.04987221631075	89.24597415600026	
247.30746386915655	982.3007988237387	86.76740548693176	115.25065136937998	
580.1118636512685	543.6142612599104	124.59611209583866	80.25932616828408	
317.74413601391194	632.7075902343913	140.6049907748508	71.12123079623034	
901.6445898623443	624.2430722245342	134.4509560912552	74.37656295439619	
551.4801841345115	440.4805802802467	119.29563901008581	83.82536095183289	
369.95579653686406	891.9542597240621	96.27407214304647	103.87012595812656	
676.8437308483224	109.61749452514982	107.87271434321546	92.70184829301034	
786.5524753839018	720.5159018476095	108.97139369284346	91.76720294306683	
527.8320500772372	307.83636909153347	128.58907779418143	77.7671025528771	
907.4190128182017	726.8710004372554	125.23748235393774	79.8482995030088	
340.16971174145766	102.68388204270047	125.70948991592239	79.54848919272719	
76.87987584255667	560.7692093338795	102.80337125352285	97.27307458953902	
466.826947070135	632.228821840074	126.2923265231997	79.18137447696013	
804.59557964247	434.0854611851346	81.42923132495196	122.80602232500443	
542.2712151623957	107.9295634217101	114.81719520822828	87.09496850070553	
941.6563809869638	425.1091146358083	88.73618705933133	112.69359583045572	
901.4153816940278	185.07962355538427	72.86560542281156	137.23896126263938	
78.76099001562099	728.6533695555299	72.477714165731	137.97344625319616	
890.0627925662776	307.6589146289797	131.24337707884854	76.19432098270521	
677.1590771910141	222.85253563990045	106.62042229282898	93.79066209788004	
339.0167042855601	310.08275603800973	117.6664891786325	84.98596388661468	
187.14137867857863	196.06640198738262	123.98800289192984	80.6529645349331	
679.7003916496996	453.42466947996604	103.8537661515458	96.2892379406614	

-1.0	-1.0	114.36059702265405	87.44270544529483	
-1.0	-1.0	77.10071335798752	129.7004860845949	
-1.0	-1.0	103.06690241901094	97.02435762885094	
-1.0	-1.0	108.0396342256992	92.55862509780061	
-1.0	-1.0	79.4508189956425	125.86402665715066	
-1.0	-1.0	140.9607603720612	70.94172856052518	
-1.0	-1.0	85.5478391891114	116.89365967378879	
-1.0	-1.0	125.54217833350552	79.65450442826301	
-1.0	-1.0	94.33606058847728	106.00400247391138	
-1.0	-1.0	82.7598198209183	120.83158254378424	
-1.0	-1.0	107.3152019081528	93.18344299961005	
-1.0	-1.0	114.8945562466802	87.03632553773794	
-1.0	-1.0	113.72130347980126	87.93427171520383	
-1.0	-1.0	120.28725867044236	83.13432453721097	
-1.0	-1.0	89.8245938471688	111.32808478949991	
-1.0	-1.0	73.03651709136955	136.91781040831782	
-1.0	-1.0	116.93441941553324	85.51801984379313	
-1.0	-1.0	84.16415707578976	118.81542389826357	
-1.0	-1.0	90.96327041318156	109.93448184720161	
-1.0	-1.0	105.26323966425832	94.99992620306419	
-1.0	-1.0	114.38650777670055	87.42289798305133	
-1.0	-1.0	125.52268760384396	79.66687290476533	
-1.0	-1.0	113.5542751795508	88.06361525524343	
-1.0	-1.0	137.59852662700095	72.67519678541166	

305.51745696773446	610.1697735265049
899.9489775127199	523.5115087797311
448.1301508272178	999.6628362135527
156.47133926654863	763.9267257611098
368.54322782939636	723.1585974163721
338.38767229958336	190.32920395462952
328.18846408821844	558.3474271884542
341.6234032316015	355.8918412401039
182.77185969096058	435.3384735034376
297.23714935318486	982.3007988237387
651.8254020253869	543.6142612599104
317.74413601391194	622.7868231455209
901.6445898623443	569.2296120943051
627.936869474721	356.65521932841386
375.8310008729648	891.9542597240621
784.7164451915378	53.39914630579074
895.5238690767452	678.4443066235057
588.3491392916861	230.0692665386564
992.3554831128492	647.0227009342465
430.43285401072325	102.68388204270047
108.77016973199119	560.7692093338795
500.0143033377839	553.0474473631139
886.024810967422	381.734341370489
616.5755759121034	20.83459492100451
1030.392568046295	419.787332921415
974.2809871168394	62.74968567363328
143.68234811798317	728.6533695555299
900.1154052331701	307.6589146289797
677.1590771910141	209.48121722617168
456.6831934641926	225.67082424169894
199.83884575592128	115.41343745244956
725.0296376391495	453.42466947996604

0.0	0.08704873790604106	0.23087856574999988	0.26559837265739505	0.4301622934706758	0.9810328405571308	0.7645494186211337	0.05891364649734887	0.10141017889093529	0.8724598174625622	0.11118537319200206	0.22190776448116956	0.7749088335970603	0.3174761449126756	0.7184062841567681	0.3238021999409173	0.08593675392429245	0.4870580776020076	0.9752652870297234	0.9457178877258604	0.020567542176954334	0.4816962945505744	0.7840482511883121	0.9630135738452182	0.28471655644205107	0.2780813020705435	0.41453301044252566	0.5840908663492287	0.6573840970473902	0.5598955370989539	0.5024338994809007	0.6424009922080953	
0.08704873790604106	0.0	0.2773889815209466	0.6198328246050409	0.15237480902001788	0.7009786857951469	0.23573036850036222	0.017357541978392232	0.37982096015195277	0.6239566870322548	0.5094112416094	0.9827506304971607	0.44816426683926214	0.5184134621600596	0.12484528048318377	0.5554069050395772	0.36400014178699813	0.8493641994917076	0.19404772224191225	0.49470973893767445	0.042205973432507315	0.21358721747992782	0.8353497529962535	0.42111119350912996	0.2217786089166477	0.484528812409327	0.282090367901508	0.918024539266803	0.9471676970880446	0.0026916174984712438	0.20507384557383057	0.3178266839264827	
0.23087856574999988	0.2773889815209466	0.0	0.12671251120952032	0.08326263907304043	0.6791663867094307	0.15665558012822534	0.43083920330191483	0.11407161192237791	0.2920431903040004	0.16284821385970683	0.17014346726676022	0.9033075676325553	0.3937333911786949	0.4883248275675729	0.8664099700497713	0.38603660321756217	0.5579062839935802	0.917703076197941	0.24861490994464874	0.30128928065219185	0.9840522233412243	0.4062032375700877	0.23126338200808128	0.3988300017934666	0.9753723428220118	0.5931637201954392	0.8703851021946112	0.10522070338759604	0.43602873906533524	0.9114016306080521	0.24704799415220757	
0.26559837265739505	0.6198328246050409	0.12671251120952032	0.0	0.7050676035637772	0.3088075986708416	0.40519606642382955	0.5443018727307946	0.5465839079023069	0.14962164387909216	0.32494187143790776	0.9353085500590815	0.6165275655235991	0.2054801802372297	0.12556349396109356	0.030453546079904026	0.37709291681223067	0.581231997517093	0.2944875732461809	0.029108778995560636	0.03144213867318346	0.6215389690424293	0.27835888985755985	0.4763898357011571	0.2655469965013655	0.35651625506913864	0.051769697619489574	0.36427023656089186	0.6556235560344155	0.7531100075351939	0.9764144105228014	0.21612201882776627	
0.4301622934706758	0.15237480902001788	0.08326263907304043	0.7050676035637772	0.0	0.09699418930668569	0.34984242765453055	0.10408113667770114	0.130431110621974	0.8555692822539352	0.8722037299790031	0.9002209183677659	0.6200014643298929	0.924548944211377	0.44082327769073326	0.124574056080063	0.1080724044646113	0.5953970965289875	0.9817097662730786	0.2821838912263118	0.27154510089571704	0.9614416866987314	0.7461591554667845	0.29793147865352265	0.23079235560907008	0.46603129443545	0.08508856050553781	0.5537842438678536	0.7551052272165961	0.8553057921948102	0.5208753923568613	0.7778790358363193	
0.9810328405571308	0.7009786857951469	0.6791663867094307	0.3088075986708416	0.09699418930668569	0.0	0.2061503182007861	0.28466271610073757	0.3389081311029851	0.9596209888438733	0.8169066170815565	0.49061614069525283	0.9677150246184123	0.6418185115574027	0.59485501435084	0.2684601128288513	0.017805166464036182	0.301348181860171	0.9709257664464142	0.2236577765295843	0.6440549019023368	0.06973394958096557	0.5979841794914215	0.44760835920283815	0.09718572786647173	0.5040372332093952	0.9811594447979134	0.7820458570420735	0.28386340556323575	0.6882865151135503	0.7252593336097053	0.6161803652465249	
0.7645494186211337	0.23573036850036222	0.15665558012822534	0.40519606642382955	0.34984242765453055	0.2061503182007861	0.0	0.8654403947348219	0.725101915762261	0.6572521946450788	0.06977987504259797	0.5189980681611792	0.45128295852579436	0.22928415580161243	0.423843610106009	0.6137102469304163	0.5851183799238596	0.992305680255315	0.6631346256954618	0.23468077114978847	0.3833247787035967	0.7166015758997777	0.3476969659390804	0.08917737143702842	0.7456739475642479	0.4125858308123105	0.27657576036604004	0.7891961151148308	0.18638492262958894	0.5281555335071284	0.373697672798901	0.160176203480341	
0.05891364649734887	0.017357541978392232	0.43083920330191483	0.5443018727307946	0.10408113667770114	0.28466271610073757	0.8654403947348219	0.0	0.23146174763430227	0.794561631610121	0.452704761032913	0.017646755748841447	0.5657692836003286	0.2511904648655814	0.608353457233195	0.5830907130425742	0.9509066605396912	0.37114639751407064	0.19397355900366686	0.5072437535963324	0.6139248404125359	0.1000753127976608	0.7160888240070763	0.8501901741124396	0.07010133761877291	0.5055435443331483	0.3941804589319198	0.1704060032091519	0.06226598939241379	0.5175818470127075	0.6479240064695121	0.4485633867003114	
0.10141017889093529	0.37982096015195277	0.11407161192237791	0.5465839079023069	0.130431110621974	0.3389081311029851	0.725101915762261	0.23146174763430227	0.0	0.12315416425463144	0.9614097317883331	0.32162620846301426	0.7255074866541427	0.1251641098085451	0.09227364477285727	0.35979340413835303	0.7902023386659522	0.6177865968982154	0.008913334339387347	0.9396861077996009	0.8789623224351542	0.8196637773860227	0.362324624368382	0.12375090468102856	0.1617800163823193	0.34847431729430445	0.5307613057229068	0.0838844836823367	0.00703252587757619	0.4519330322067088	0.1712193017078889	0.24384321752678673	
0.8724598174625622	0.6239566870322548	0.2920431903040004	0.14962164387909216	0.8555692822539352	0.9596209888438733	0.6572521946450788	0.794561631610121	0.12315416425463144	0.0	0.27816570222399295	0.40179223552118737	0.7299210340673865	0.5333467365043697	0.7517632921146846	0.6266935161730861	0.4342457987223667	0.7065646491304157	0.6884535620037963	0.2822034068701609	0.9184018741885005	0.0999861928912863	0.8653880740840305	0.6202740311532937	0.7440602528820327	0.8885225211543457	0.7947462591579001	0.20888614356358448	0.7029605094141053	0.8154079722316544	0.30235718688655466	0.3965793103815971	
0.11118537319200206	0.5094112416094	0.16284821385970683	0.32494187143790776	0.8722037299790031	0.8169066170815565	0.06977987504259797	0.452704761032913	0.9614097317883331	0.27816570222399295	0.0	0.44780020396196507	0.479343498387515	0.08352768222987916	0.3141969459132561	0.5556074846976966	0.24255574781993694	0.9736238500310531	0.0233180026052362	0.5323552644960308	0.6973859548521797	0.26440520303208714	0.9555271293512594	0.16924220768649534	0.8569007065749076	0.8342956770186115	0.5938987648518592	0.9537190841354882	0.7598962670088949	0.06716969445642884	0.6795493802448338	0.4596553660512096	
0.22190776448116956	0.9827506304971607	0.17014346726676022	0.9353085500590815	0.9002209183677659	0.49061614069525283	0.5189980681611792	0.017646755748841447	0.32162620846301426	0.40179223552118737	0.44780020396196507	0.0	0.9408389568747625	0.22027684499008404	0.527109757211573	0.04655074638333889	0.2249995626180158	0.9342953163861468	0.3396498489565415	0.5805731751640799	0.6845550987346994	0.4586597646275664	0.9956992331630105	0.7709639997877173	0.7914387453338594	0.2857472704820717	0.27301305334561	0.9137527397350143	0.3060767416443728	0.1774781671583472	0.014390853973868079	0.5525329946786585	
0.7749088335970603	0.44816426683926214	0.9033075676325553	0.6165275655235991	0.6200014643298929	0.9677150246184123	0.45128295852579436	0.5657692836003286	0.7255074866541427	0.7299210340673865	0.479343498387515	0.9408389568747625	0.0	0.38607748206289483	0.577142930510784	0.21699553407365202	0.9138636250055071	0.35048076633127645	0.07420711600577934	0.10566828360091007	0.3803681992662681	0.6244978055123754	0.7130166013962038	0.8983317920561512	0.2745608863683764	0.6140595403951534	0.0016094415609415602	0.5794256406751274	0.8289498815107497	0.4138231446339967	0.1358052851489865	0.4755095126784443	
0.3174761449126756	0.5184134621600596	0.3937333911786949	0.2054801802372297	0.924548944211377	0.6418185115574027	0.22928415580161243	0.2511904648655814	0.1251641098085451	0.5333467365043697	0.08352768222987916	0.22027684499008404	0.38607748206289483	0.0	0.7589889083442979	0.14112872026578738	0.48592357210038994	0.5480352736584729	0.5995579152829916	0.7203392026425134	0.09542287122268889	0.7233092289036783	0.18019163183459141	0.048579520836738	0.9034729577483992	0.5915264203664687	0.911629697585637	0.29425325439751127	0.26599486905078484	0.37705694152956404	0.2839903017711084	0.07397580298136797	
0.7184062841567681	0.12484528048318377	0.4883248275675729	0.12556349396109356	0.44082327769073326	0.59485501435084	0.423843610106009	0.608353457233195	0.09227364477285727	0.7517632921146846	0.3141969459132561	0.527109757211573	0.577142930510784	0.7589889083442979	0.0	0.8391096494155649	0.13451465428266163	0.9841501152553678	0.2992756883687425	0.3666798497303798	0.9787757570699003	0.20975854896441426	0.046982153004128335	0.5450405149072276	0.8302704573685861	0.7714361859676104	0.4851323048756673	0.4628357856470967	0.34554253254377765	0.287527300303418	0.6543627772369203	0.8526740895976874	
0.3238021999409173	0.5554069050395772	0.8664099700497713	0.030453546079904026	0.124574056080063	0.2684601128288513	0.6137102469304163	0.5830907130425742	0.35979340413835303	0.6266935161730861	0.5556074846976966	0.04655074638333889	0.21699553407365202	0.14112872026578738	0.8391096494155649	0.0	0.6916020224467644	0.06473566697311417	0.8931346825065375	0.9616872871328958	0.29626279233032204	0.7554177983127525	0.021636691634794425	0.5889053100882069	0.6965088858355462	0.11795434408181582	0.19198774508383587	0.008866025075363382	0.17759558260091401	0.521210128303534	0.19150417323782687	0.8399557606090484	
0.08593675392429245	0.36400014178699813	0.38603660321756217	0.37709291681223067	0.1080724044646113	0.017805166464036182	0.5851183799238596	0.9509066605396912	0.7902023386659522	0.4342457987223667	0.24255574781993694	0.2249995626180158	0.9138636250055071	0.48592357210038994	0.13451465428266163	0.6916020224467644	0.0	0.21180406480102176	0.012305072312661536	0.2927694466827435	0.9588195938837819	0.22239937965219192	0.6023399375628034	0.560979512281901	0.8177740532780406	0.8860064961755991	0.37757394852648707	0.08313711216196451	0.0946489566940315	0.39584235777949617	0.6331058565818701	0.7020391650833839	
0.4870580776020076	0.8493641994917076	0.5579062839935802	0.581231997517093	0.5953970965289875	0.301348181860171	0.992305680255315	0.37114639751407064	0.6177865968982154	0.7065646491304157	0.9736238500310531	0.9342953163861468	0.35048076633127645	0.5480352736584729	0.9841501152553678	0.06473566697311417	0.21180406480102176	0.0	0.024548457740339646	0.16325300725120284	0.300801688080959	0.8869887423130174	0.058657869631392745	0.5734414705211698	0.6182523898824742	0.7511610115805785	0.4004714354511192	0.021550391268608804	0.7425100929038698	0.20705475001514728	0.8039143601362931	0.10726741371510251	
0.9752652870297234	0.19404772224191225	0.917703076197941	0.2944875732461809	0.9817097662730786	0.9709257664464142	0.6631346256954618	0.19397355900366686	0.008913334339387347	0.6884535620037963	0.0233180026052362	0.3396498489565415	0.07420711600577934	0.5995579152829916	0.2992756883687425	0.8931346825065375	0.012305072312661536	0.024548457740339646	0.0	0.7878911865407753	0.10830490649489122	0.913277300937625	0.6629831982412914	0.2716002517670182	0.31530124525251557	0.18951201742497814	0.020158729250190466	0.5531231969124277	0.42111931170173855	0.5145047329888491	0.15967681140816836	0.34036630239985766	
0.9457178877258604	0.49470973893767445	0.24861490994464874	0.029108778995560636	0.2821838912263118	0.2236577765295843	0.23468077114978847	0.5072437535963324	0.9396861077996009	0.2822034068701609	0.5323552644960308	0.5805731751640799	0.10566828360091007	0.7203392026425134	0.3666798497303798	0.9616872871328958	0.2927694466827435	0.16325300725120284	0.7878911865407753	0.0	0.8974856214849989	0.07679525358300987	0.17198064771370225	0.8856533810128184	0.8540192212963307	0.10756204956371418	0.03470765419092481	0.25799667256695447	0.6753700673460251	0.6780091682532289	0.5810860966294138	0.16670195641254437	
0.020567542176954334	0.042205973432507315	0.30128928065219185	0.03144213867318346	0.27154510089571704	0.6440549019023368	0.3833247787035967	0.6139248404125359	0.8789623224351542	0.9184018741885005	0.6973859548521797	0.6845550987346994	0.3803681992662681	0.09542287122268889	0.9787757570699003	0.29626279233032204	0.9588195938837819	0.300801688080959	0.10830490649489122	0.8974856214849989	0.0	0.7381443439438983	0.5580322125762542	0.532444614916144	0.09181643433330033	0.7221049456523486	0.16847863687040787	0.275443578287232	0.13592927750979966	0.6436771960460209	0.4177262669856793	0.9465387167291647	
0.4816962945505744	0.21358721747992782	0.9840522233412243	0.6215389690424293	0.9614416866987314	0.06973394958096557	0.7166015758997777	0.1000753127976608	0.8196637773860227	0.0999861928912863	0.26440520303208714	0.4586597646275664	0.6244978055123754	0.7233092289036783	0.20975854896441426	0.7554177983127525	0.22239937965219192	0.8869887423130174	0.913277300937625	0.07679525358300987	0.7381443439438983	0.0	0.9906825814870168	0.7672217936617005	0.23298492993763997	0.6901086823416898	0.20981598159365156	0.2618761169613736	0.6100576566337088	0.9800429947192321	0.7820178442623944	0.9992970747774682	
0.7840482511883121	0.8353497529962535	0.4062032375700877	0.27835888985755985	0.7461591554667845	0.5979841794914215	0.3476969659390804	0.7160888240070763	0.362324624368382	0.8653880740840305	0.9555271293512594	0.9956992331630105	0.7130166013962038	0.18019163183459141	0.046982153004128335	0.021636691634794425	0.6023399375628034	0.058657869631392745	0.6629831982412914	0.17198064771370225	0.5580322125762542	0.9906825814870168	0.0	0.3853947114507079	0.513268892891053	0.48859811188955427	0.3987432984885608	0.5988537195839291	0.42243002320183853	0.16419869290520894	0.09316314511726764	0.21781122348269055	
0.9630135738452182	0.42111119350912996	0.23126338200808128	0.4763898357011571	0.29793147865352265	0.44760835920283815	0.08917737143702842	0.8501901741124396	0.12375090468102856	0.6202740311532937	0.16924220768649534	0.7709639997877173	0.8983317920561512	0.048579520836738	0.5450405149072276	0.5889053100882069	0.560979512281901	0.5734414705211698	0.2716002517670182	0.8856533810128184	0.532444614916144	0.7672217936617005	0.3853947114507079	0.0	0.13443500987228674	0.04453785150943146	0.06465868202644953	0.8510908938591866	0.00595553623706091	0.11792707679173897	0.8710914749676256	0.9325871037769026	
0.28471655644205107	0.2217786089166477	0.3988300017934666	0.2655469965013655	0.23079235560907008	0.09718572786647173	0.7456739475642479	0.07010133761877291	0.1617800163823193	0.7440602528820327	0.8569007065749076	0.7914387453338594	0.2745608863683764	0.9034729577483992	0.8302704573685861	0.6965088858355462	0.8177740532780406	0.6182523898824742	0.31530124525251557	0.8540192212963307	0.09181643433330033	0.23298492993763997	0.513268892891053	0.13443500987228674	0.0	0.6147150125316647	0.5140300720817821	0.47446503182628086	0.7425981739402499	0.9938345097386984	0.7804046534285887	0.026060127008102674	
0.2780813020705435	0.484528812409327	0.9753723428220118	0.35651625506913864	0.46603129443545	0.5040372332093952	0.4125858308123105	0.5055435443331483	0.34847431729430445	0.8885225211543457	0.8342956770186115	0.2857472704820717	0.6140595403951534	0.5915264203664687	0.7714361859676104	0.11795434408181582	0.8860064961755991	0.7511610115805785	0.18951201742497814	0.10756204956371418	0.7221049456523486	0.6901086823416898	0.48859811188955427	0.04453785150943146	0.6147150125316647	0.0	0.1680906485195267	0.7740242063084309	0.05419685842691968	0.211483587399089	0.9243220964417006	0.2968529755804067	
0.41453301044252566	0.282090367901508	0.5931637201954392	0.051769697619489574	0.08508856050553781	0.9811594447979134	0.27657576036604004	0.3941804589319198	0.5307613057229068	0.7947462591579001	0.5938987648518592	0.27301305334561	0.0016094415609415602	0.911629697585637	0.4851323048756673	0.19198774508383587	0.37757394852648707	0.4004714354511192	0.020158729250190466	0.03470765419092481	0.16847863687040787	0.20981598159365156	0.3987432984885608	0.06465868202644953	0.5140300720817821	0.1680906485195267	0.0	0.1119949561863065	0.7432858673112153	0.7435261541932339	0.3886263044602012	0.07403340731952635	
0.5840908663492287	0.918024539266803	0.8703851021946112	0.36427023656089186	0.5537842438678536	0.7820458570420735	0.7891961151148308	0.1704060032091519	0.0838844836823367	0.20888614356358448	0.9537190841354882	0.9137527397350143	0.5794256406751274	0.29425325439751127	0.4628357856470967	0.008866025075363382	0.08313711216196451	0.021550391268608804	0.5531231969124277	0.25799667256695447	0.275443578287232	0.2618761169613736	0.5988537195839291	0.8510908938591866	0.47446503182628086	0.7740242063084309	0.1119949561863065	0.0	0.5839152043117095	0.6518359211769114	0.03560807123752696	0.08137212316818465	
0.6573840970473902	0.9471676970880446	0.10522070338759604	0.6556235560344155	0.7551052272165961	0.28386340556323575	0.18638492262958894	0.06226598939241379	0.00703252587757619	0.7029605094141053	0.7598962670088949	0.3060767416443728	0.8289498815107497	0.26599486905078484	0.34554253254377765	0.17759558260091401	0.0946489566940315	0.7425100929038698	0.42111931170173855	0.6753700673460251	0.13592927750979966	0.6100576566337088	0.42243002320183853	0.00595553623706091	0.7425981739402499	0.05419685842691968	0.7432858673112153	0.5839152043117095	0.0	0.8736414452626479	0.5480119049573577	0.5516005491998528	
0.5598955370989539	0.0026916174984712438	0.43602873906533524	0.7531100075351939	0.8553057921948102	0.6882865151135503	0.5281555335071284	0.5175818470127075	0.4519330322067088	0.8154079722316544	0.06716969445642884	0.1774781671583472	0.4138231446339967	0.37705694152956404	0.287527300303418	0.521210128303534	0.39584235777949617	0.20705475001514728	0.5145047329888491	0.6780091682532289	0.6436771960460209	0.9800429947192321	0.16419869290520894	0.11792707679173897	0.9938345097386984	0.211483587399089	0.7435261541932339	0.6518359211769114	0.8736414452626479	0.0	0.7229811699668914	0.5906686372589393	
0.5024338994809007	0.20507384557383057	0.9114016306080521	0.9764144105228014	0.5208753923568613	0.7252593336097053	0.373697672798901	0.6479240064695121	0.1712193017078889	0.30235718688655466	0.6795493802448338	0.014390853973868079	0.1358052851489865	0.2839903017711084	0.6543627772369203	0.19150417323782687	0.6331058565818701	0.8039143601362931	0.15967681140816836	0.5810860966294138	0.4177262669856793	0.7820178442623944	0.09316314511726764	0.8710914749676256	0.7804046534285887	0.9243220964417006	0.3886263044602012	0.03560807123752696	0.5480119049573577	0.7229811699668914	0.0	0.792002684227431	
0.6424009922080953	0.3178266839264827	0.24704799415220757	0.21612201882776627	0.7778790358363193	0.6161803652465249	0.160176203480341	0.4485633867003114	0.24384321752678673	0.3965793103815971	0.4596553660512096	0.5525329946786585	0.4755095126784443	0.07397580298136797	0.8526740895976874	0.8399557606090484	0.7020391650833839	0.10726741371510251	0.34036630239985766	0.16670195641254437	0.9465387167291647	0.9992970747774682	0.21781122348269055	0.9325871037769026	0.026060127008102674	0.2968529755804067	0.07403340731952635	0.08137212316818465	0.5516005491998528	0.5906686372589393	0.792002684227431	0.0	

0.2539655329445214	0.02600031916050516	0.7323884281581042	0.9071467574357296	0.04719526886568837	0.8488887547510473	0.36981338209742176	0.19688903065359475	0.5748627597968251	0.08243108728725779	0.511960895739935	0.24920471548871803	0.40311498501287035	0.5389948216462739	0.9355649413271732	0.22265475740240248	0.2569838585225471	0.0823389199259037	0.795415539543701	0.8869809042889685	0.2969902644253918	0.21500332581316595	0.9551911714494368	0.728930304298912	
0.0792552239406279	0.2117620683522461	0.57731383220188	0.3536095248089305	0.10137000327074874	0.3012454749253024	0.08355178180661971	0.928102494384182	0.9817855194892257	0.17615743018693308	0.8217273670480734	0.39553241271145057	0.8722388064698553	0.5470843007576409	0.9037707070923	0.3254427253425334	0.6607419205105609	0.545711793381105	0.7164922582410886	0.5603180127680552	0.8869170768922627	0.5303372048853998	0.5488305510267038	0.26826023419787803	
0.06196907700276877	0.24988384329355295	0.6279639222291572	0.6182818925655224	0.26234414799746875	0.38219544198387223	0.6115580375655736	0.0573723684682641	0.4491320556758561	0.17820857500439635	0.24455367268605677	0.0874394551004366	0.9545262282615377	0.3156711118532235	0.4562820675496173	0.5154229126711677	0.9721643758625352	0.09439508618333114	0.6473282816541378	0.3813227801854142	0.6899299161745819	0.7896034718139912	0.2954451032585077	0.15657994002986653	
0.9118024512750922	0.32074902757900814	0.29595375276151115	0.349192157409146	0.6296029572907759	0.39025556528043315	0.6444496203376514	0.35214402220659136	0.025987857632870037	0.8999510068225568	0.1682646157105857	0.22817412881523813	0.816803173479807	0.7625322107476427	0.018020535826213546	0.1365988108051711	0.6739183879742344	0.19122236417284855	0.5417399655534727	0.27685686481231586	0.7089170346957597	0.17285117401401984	0.9813651803912636	0.548634249774163	
0.6435292635235373	0.10790925081806224	0.15516738458809254	0.6098745052158562	0.344448885368722	0.5356980090814758	0.9194116713424628	0.6516744995084098	0.8581859015112042	0.45351637620708385	0.7387763354689478	0.0030113708906037706	0.9458624819996269	0.9858966662264406	0.13740727688390075	0.6284414352770419	0.38836927254133036	0.06322182441187996	0.15112176848562975	0.6883573873213893	0.009055488985168392	0.3286263452334698	0.15615790384898565	0.5940850035637437	
0.4441351669485275	0.7079041197298617	0.6109996880652121	0.4090463482875245	0.1802488649247873	0.9492162825025885	0.3151898001860939	0.022411723630396563	0.2741286933110487	0.9677125317454474	0.762675503407986	0.25310750415182404	0.4710717789859834	0.014749777036614065	0.04711514833326691	0.9297427147474637	0.1469352168032233	0.5322123439522223	0.5627068561586276	0.03596255742484411	0.6126237735131148	0.04950821269702088	0.43648218626424573	0.21093206701565337	
0.8405487997839102	0.6341358600880673	0.22664174257167025	0.2510986618740987	0.5992950881274226	0.21628705973742435	0.9263917186086458	0.7720774950157705	0.31573989619638365	0.5737708350317523	0.7238734219076967	0.8584491278592308	0.7231266305354409	0.8856143820352478	0.28616082599191517	0.35445381653980856	0.49910283318513804	0.5410170820616238	0.5589333830045391	0.43001272073554375	0.6494906508545648	0.3249036020626501	0.20331526991943083	0.19420096467219783	
0.3515650624730251	0.19214312958939694	0.8275034658791327	0.4222432028528067	0.3348736121235154	0.5895715343050195	0.11319173662650284	0.9122976938724466	0.6481388266629167	0.6882735376086517	0.7854285220630178	0.5947398644307061	0.8375422169489254	0.9481530144850134	0.1294311713494798	0.27935201032526	0.14469697713814922	0.15263859050884965	0.4190107179777174	0.8447708353988909	0.32187401590056164	0.4234434109719353	0.1886445178030809	0.7497399863982733	
0.05755373028697408	0.7536173266717585	0.7548670811198216	0.9771600352416892	0.8071339524871789	0.28170012966758906	0.7725320174616	0.9096236690985159	0.0316320912746868	0.8706054501377489	0.8976308941731083	0.17906909845003105	0.4614776966308135	0.5519344211001447	0.8207374653854935	0.23337997333574434	0.022998724638082613	0.049739017703624766	0.033778961500622984	0.21920573611768224	0.49196357595692985	0.9073250406014103	0.6977184356299638	0.7929711432238892	
0.771547948771844	0.7065054094865473	0.8898653158811443	0.6409894167989048	0.9313538301583572	0.4907842730869205	0.3269139996369248	0.8147885902723676	0.7896157453402184	0.7822728264930032	0.3834431291726397	0.4692059836268453	0.8724867816835926	0.516708581119394	0.8554910475045051	0.2285010567769553	0.042305348924882025	0.8117693091373164	0.45495573004326184	0.19968221746963633	0.9510009832835343	0.7309440524988411	0.4629503406547051	0.6024383842707474	
0.7453053451952509	0.10854294493174688	0.3188781720775258	0.09151161294622123	0.12719276430386772	0.060998928411619024	0.17687387517994235	0.11004214081870811	0.955981865263878	0.02543405812700028	0.6223904863662159	0.03136281666314544	0.06778825860890969	0.03853352994274439	0.8090944236187775	0.4219146477866572	0.8835257672602923	0.49709107187693347	0.2498639799312764	0.48940167411935853	0.678411239166586	0.8261595585099574	0.3755688269909784	0.6679969520630368	
0.0939364747423076	0.3215608878603444	0.7614417811494596	0.3363584613001389	0.5875279688402181	0.9305796319162302	0.6132360613044038	0.8644079176636597	0.035623251219447205	0.8879853323725991	0.7039947625579861	0.5412712548577683	0.6326504743731799	0.9340983386752195	0.45714147900051316	0.44947488584023154	0.5614055580557693	0.30743478949146785	0.28273437748211927	0.019436845536711655	0.6495792221441024	0.8265362609022225	0.5911083613096912	0.8234876231374341	
0.37269359540170655	0.1539102797572781	0.13176325029526592	0.1501004840170581	0.11546671443739553	0.76957794295133	0.4352381298291297	0.03670659511522856	0.5616300997274979	0.27254527633511105	0.17184533242298383	0.7334155583601739	0.4464830518619921	0.37558530824540315	0.18352039054735936	0.0201569797073603	0.6769750265990482	0.36203833083463544	0.7936762031311912	0.4062046635936766	8.648391020497082E-4	0.8329075387324685	0.7548340766717865	0.0037394802844678	
0.9895140507077634	0.28834825524071983	0.8549352750558933	0.7860530508609714	0.0881286509958692	0.45971891196457726	0.7706210497478431	0.016189270436389624	0.8827722212225525	0.33668226902874476	0.22940107211058614	0.8632659390242031	0.5352302051587701	0.5184156176833058	0.9225131944581053	0.6114144807193601	0.5448140993563158	0.8588093273043343	0.8964105574176934	0.4102207730034102	0.6104508232246271	0.3726029967538762	0.34319438894173226	0.21574517940307691	
0.3869116193575638	0.022729091195491824	0.8089440886821275	0.42764587448783153	0.35579181283174866	0.3187042317826573	0.8437786914963833	0.7406242202104297	0.86486067944452	0.6217282124444756	0.02861700100507203	0.8973564575434452	0.6286588218143799	0.6742220291175712	0.13098582002916237	0.3552714827795771	0.6287280987731234	0.14985516083720174	0.8658593722043362	0.36097955161023587	0.40361665516447787	0.9546842992144247	0.3673951682611988	0.5638521859371662	
0.17680998420918626	0.6008444990077075	0.013564694967895252	0.09419881186385193	0.13499633055356053	0.22130509939720744	0.6880598895378304	0.9816810751838653	0.4395826587083862	0.6975224665548136	0.9124894802935473	0.8960507668857273	0.2311353770693385	0.9313923302831162	0.5367618824670645	0.45499338054783967	0.9694276048562803	0.5087245023370365	0.8366841365616858	0.7628033867587849	0.9410326984715152	0.8735331444265425	0.9351892464911866	0.4188140109312144	
0.6619115828225981	0.6607562912114068	0.43723717104586457	0.965948558785697	0.20419919188597657	0.019588342385944757	0.048317317285674455	0.6374560822708317	0.18440311551168465	0.6004295973815971	0.732613482891246	0.30383959981597897	0.26448546559350117	0.37552745237532226	0.6592746638257707	0.7221800742749914	0.5378067162301852	0.616703971432113	0.7838682504732255	0.5465049229923166	0.09866792878859743	0.16313491188744234	0.4169749707503594	0.07054494402548028	
0.42719602930210054	0.5779656453680158	0.543017338628518	0.34316926357388267	0.9605741722815031	0.914619516837118	0.9697965976454308	0.12198237944787249	0.3671270875889532	0.5919750082107361	0.6128459447378334	0.11201379771388165	0.591529516515984	0.3121576534692314	0.34859040360065285	0.07412527507024413	0.6974130585108671	0.04551365609448044	0.9064363868006875	0.6817060596601787	0.8979052658963557	0.854402009193227	0.21229774042004312	0.4544222612737977	
0.9351416750757213	0.7307624615678533	0.4446963128972188	0.7042313563347002	0.14655052344462483	0.6819868512834726	0.819459463610581	0.19156857224341517	0.13871650744534425	0.015441827408551045	0.7801687194652978	0.10855650280407514	0.978888440057298	0.14406105551715176	0.8388970673176295	0.08128558301053568	0.2097035174150662	0.2637454280947211	0.7854049609302494	0.11465746583849712	0.7944581786880509	0.9378803238663754	0.36284793226983714	0.7909793678516018	
0.3082639693792124	0.9650986861972252	0.7941819816532847	0.5774419998415955	0.3046841457286401	0.9034897509644317	0.7358348615798156	0.7978100665420864	0.8079549985978222	0.2777730260660819	0.3338450197911865	0.6800984376652024	0.3076533154288319	0.805527694175125	0.06255222873939059	0.9047032377437916	0.4656792605144635	0.9443876214619055	0.9370571108908937	0.24640221978070465	0.9846822815841203	0.6841829638018917	0.5080492032283643	0.2288340398016937	
0.7325645074550144	0.7863293293283249	0.7712364545470133	0.19151100394589948	0.26945492938723004	0.6073356400651307	0.7534915510611406	0.8071161856378302	0.3815547474252766	0.23412253380678472	0.07396317311158063	0.8807798121791752	0.09051229461695431	0.9059134067245669	0.2207836156289833	0.21322628105050156	0.877494107008776	0.6007798087565462	0.6326364289265519	0.41612760107231894	0.5378757042259991	0.2244945647918536	0.9293310150373606	0.8306951280278353	
0.16548455389371597	0.055164847209808854	0.7966633918154422	0.11948612365790379	0.25458440042293107	0.9691887593934645	0.09822599657227471	0.6765972803868211	0.8032987574926304	0.5023988714985762	0.7604611201621433	0.7328628190398475	0.6039289732779055	0.9848266651854676	0.8571363197711545	0.9203697553440269	0.6136295039540213	0.8283416968117028	0.10555261634533719	0.10454842663974062	0.41316202001410285	0.5434903413830641	0.6791788264212479	0.49229167261684703	
0.28195659385224303	0.21517874387513314	0.840038619045437	0.3810012028285664	0.3444667823198464	0.9764148685071363	0.39905950028366954	0.42615550859465257	0.5758128996252372	0.48514537467944596	0.42372580459660447	0.9739382654330594	0.19396566413107008	0.5312928810531392	0.9297604819620398	0.8306618191350824	0.11123041418883117	0.6794194967704267	0.5171932504734214	0.8221661599531594	0.669549329065043	0.28701331598973556	0.041055968373744034	0.6340680067661362	
0.8421477964338546	0.3292140856982617	0.4430779746457927	0.7176810314187775	0.44830789997540943	0.20786538779548158	0.8131379316293268	0.4966229336952436	0.6985606101132315	0.12610044448121083	0.5978609941097265	0.7155703243589787	0.5643455633064779	0.6692390875892207	0.6286328193682447	0.5353184406937097	0.04919542654917752	0.948593872031089	0.30243523041763165	0.8972468940006951	0.427759556824439	0.03685362684442661	0.816290759952363	0.7554889995630047	
0.9144892037344994	0.4520326711551257	0.8297362063268755	0.0065469370800144144	0.025565089272600594	0.13154496678095928	0.3096283079055484	0.33379058160304065	0.10565492599360626	0.6787818924100508	0.5977171817652104	0.728222886153479	0.10534728228702972	0.6616435484506702	0.9338061710443563	0.14709043917547904	0.7156151626463938	0.39579297539097136	0.7659496359789062	0.6283626385395369	0.3924213329424049	0.9549736998864493	0.18402278332481126	0.19179862201189302	
0.6375842392679671	0.11655075078611654	0.7241305279953633	0.026266256326998527	0.14128230763943006	0.5725059917933406	0.6087055448298898	0.7881726645895065	0.03708097056000381	0.01443877851549824	0.21077762224565078	0.31731147132773896	0.5721258178576806	0.6356933550496473	0.16078051096631796	0.7141266909074275	0.9531523578540827	0.18455437352585635	0.050393886795651266	0.5163391388610791	0.99322047439517	0.9495228796971636	0.13030197231568086	0.6630760824134551	
0.4545904163296163	0.9610046596383859	0.747382571406224	0.041090115808117056	0.6599139443132144	0.2533139373251022	0.5217231914961977	0.6703492310858588	0.026922661626581745	0.24671483165826014	0.4249938909146789	0.005224416250801167	0.6710533954491739	0.18129433046001564	0.9890893286982242	0.4026971881440846	0.11595778763633835	0.06277982458141618	0.8475847497946214	0.5404543809043343	0.45360177273603797	0.7649853567354411	0.6924343363398987	0.45543291665730024	
0.0036678325605281614	0.774390681866327	0.5144726196509745	0.9173227360094446	0.6362311158745292	0.5594273349913749	0.6886622957124497	0.05173107028344104	0.44218804464638073	0.7003669482660947	0.06366513216710779	0.4841569277158242	0.362674191233335	0.7252765630336913	0.7201951623260938	0.7886196860327067	0.7217155733250668	0.06332628233104198	0.4737461043801101	0.6937310323063638	0.3456157145783708	0.6488053361599995	0.514667817509137	0.3241950783666184	
0.09808845793174104	0.4875223384056565	0.8021997748679712	0.7371663377208428	0.211904281044491	0.9318358695221829	0.9589515808579246	0.15059101705278066	0.7558259130740492	0.5013826422212836	0.4484542135938683	0.5546020531908946	0.9398664503139037	0.8336395075629552	0.7607878186977295	0.847233721955618	0.7324114349818048	0.7517771597311369	0.17992519970358545	0.24216723499432646	0.4395040065571578	0.4968327266983502	0.4613124827772591	0.45891352621523285	
0.47959969065170605	0.8870493056407638	0.40934182059390534	0.12478524357958187	0.5763559230573467	0.539300770591096	0.9117530876970023	0.8932049123580089	0.9875286321634122	0.3158401583357595	0.46163513870206385	0.014341916925972531	0.1898060287216543	0.8441805210443392	0.5775792965702208	0.4817657355382011	0.6474181332569792	0.2987376053081259	0.818671037773076	0.42274887224801694	0.9066176754328881	0.6299335109158943	0.28338840734997073	0.10004733100355745	
0.27863616586487483	0.07978134224526079	0.5801085578021227	0.7494329793484796	0.8004768728317045	0.1325407640388706	0.2618068273645716	0.48994617842318366	0.995913925447287	0.014855084804525132	0.6286649570686736	0.7127833953767065	0.19832483930488243	0.48185025679014293	0.6196890296605855	0.6799291107433362	0.8424912730012314	0.9039972217111779	0.23806884771244208	0.5450873756602056	0.18426133891280172	0.6041085447314875	0.5848951606521088	0.6471626284506481	
0.36497335869978764	0.9846612458508843	0.11198239739868543	0.7204860790027129	0.6018002224180607	0.23270774384562054	0.14692832328886263	0.6161778971265404	0.5556801452092603	0.2929570504335558	0.09217426389791217	0.235481678974242	0.6052581025641356	0.359179059614673	0.9547131299249784	0.638602756582122	0.8382697328934954	0.3499044939549536	0.024224039060674607	0.7115268878276471	0.06105760411775463	0.706464150320886	0.584796616156189	0.3484917904661121	

0.0	0.37973044769268316	0.5190397572537957	0.8392285100410034	0.34972655840814737	0.05649559977344887	0.5432527149265521	0.03778583678915193	0.4033281214709594	0.5172403643845624	0.5984697588287734	0.9336955882279505	0.36937411349026483	0.5141176740825532	0.6145715386346075	0.44643202550993855	0.4318740801049661	0.711296200224182	0.463289830389358	0.620564317208847	0.7914251073133868	0.03937870473981109	0.42081491440925334	0.9116958949899067	
0.37973044769268316	0.0	0.8718473073098186	0.9222300729180459	0.8693941295076294	0.8302262949778543	0.30431920421840986	0.7711964871973741	0.6850439543423363	0.3346324002996438	0.8676429187098637	0.26381841156517294	0.3514803285971281	0.38763655010722764	0.8972267581232035	0.16419595111613272	0.8751969138886798	0.4993257225870922	0.8441320826894703	0.16842604882738899	0.29776420398789083	0.34520875977139565	0.9911271291982893	0.6256747107015979	
