10

374	374

4

3

37.104084769346606	272.3414090367804	126.51482240820582	79.04212178186162	
39.58511178692717	169.68003379726875	96.49340814672435	103.63402217894891	
196.7316717961013	164.01639863028518	130.64630598609395	76.5425392208518	
40.99931923533204	373.08749358059424	103.42334798350122	96.68996599873432	

-1.0	-1.0	90.96825845933202	109.92845382953625	
-1.0	-1.0	125.7179371666163	79.54314416364322	
-1.0	-1.0	123.2144538732212	81.15930952621257	

41.86212197211445	272.3414090367804
64.23058953056271	169.68003379726875
327.3779777821952	144.1652010114955
75.02119210342421	276.39752758185995

0.0	0.16097888583189035	0.22688969878601606	0.2635279259729937	
0.16097888583189035	0.0	0.7027053505542649	0.4816329693254874	
0.22688969878601606	0.7027053505542649	0.0	0.689748538507649	
0.2635279259729937	0.4816329693254874	0.689748538507649	0.0	

0.07377134049907252	0.5662908036355097	0.21006985548172818	
0.7396531361540943	0.22290325637750197	0.16150459467675526	
0.8893108734404808	0.5013699510119507	0.3575321031322114	
0.18257893023269522	0.4558427726927513	0.05429309234830426	

0.0	0.03408112465276136	0.21624455721729618	
0.03408112465276136	0.0	0.8643498535926021	
0.21624455721729618	0.8643498535926021	0.0	

117.42279514129473	242.23670299864654	80.71390122829106	123.89439548605161	
200.89260491050038	204.79099973298628	134.94690280953037	74.10321979834107	
205.1436611979449	366.43884857583856	74.97796215113657	133.37252324679798	
224.21875356209188	126.04972355755302	83.40474431465515	119.89725623129677	

-1.0	-1.0	134.46746889939303	74.36742940020595	
-1.0	-1.0	125.8791744635527	79.44125819553591	
-1.0	-1.0	75.11081619792107	133.13661741671743	

189.7443407138407	118.34230751259491
224.56574710592187	204.79099973298628
205.1436611979449	266.3381843151576
224.21875356209188	39.685703180110465

0.0	0.16015042763423748	0.566368061923823	0.5823099460378839	
0.16015042763423748	0.0	0.44072094222450364	0.4666075517066258	
0.566368061923823	0.44072094222450364	0.0	0.5217647321276214	
0.5823099460378839	0.4666075517066258	0.5217647321276214	0.0	

0.05877613565362072	0.6296888007783288	0.8319895049258841	
0.5930655391295274	0.13488481129843388	0.0337821053569034	
0.3814710517676213	0.5278873728649061	0.8261012857642772	
0.8869670258999415	0.5720303268591791	0.49374211160263914	

0.0	0.27739954423654334	0.9085381112028179	
0.27739954423654334	0.0	0.8169109554587298	
0.9085381112028179	0.8169109554587298	0.0	

213.78244967642553	148.47671535815607	137.26910365038694	72.84960514836007	
225.56214903191275	267.13483779912895	137.46010972550945	72.74837783825971	
214.0265035789761	75.01608667988313	135.94238696222794	73.56057388324757	
72.90364687913343	185.4711646573774	108.17771410422907	92.44048169075762	

-1.0	-1.0	78.65064495332473	127.14453906810944	
-1.0	-1.0	81.35337606873827	122.9205287258227	
-1.0	-1.0	122.69768550231065	81.50112986289118	

213.78244967642553	100.95777894734351
225.56214903191275	226.20381471582533
346.29106600147145	1.4555127966355599
181.08136098336252	135.14627233440018

0.0	0.17726864486379157	0.5392864582116279	0.7869216601270397	
0.17726864486379157	0.0	0.5031017672896596	0.13307146351997445	
0.5392864582116279	0.5031017672896596	0.0	0.28387178127358814	
0.7869216601270397	0.13307146351997445	0.28387178127358814	0.0	

0.6754476061469803	0.49598268173947113	0.05253055288029962	
0.07476604831933698	0.9497179455091582	0.6606159667144118	
0.5909624765045812	0.8818632341157919	0.6230622018188036	
0.39995737129261066	0.41983267569575344	0.46386723787327544	

0.0	0.2974031143952304	0.6534173508848538	
0.2974031143952304	0.0	0.034993091925954234	
0.6534173508848538	0.034993091925954234	0.0	

96.97643027508235	84.7323520602086	124.83037660702715	80.10870648480496	
235.56358151219558	256.23030545181496	108.48664669838328	92.1772430463465	
244.36691854440267	140.87398650428898	117.8595799684403	84.84673034366605	
129.0919958706324	276.2006093355683	99.23485335599983	100.77104627872552	

-1.0	-1.0	86.20543650400897	116.00196467348033	
-1.0	-1.0	73.72860295437418	135.6325713398957	
-1.0	-1.0	77.29657969935303	129.3718304082179	

190.3097979123704	84.7323520602086
285.7204270350237	256.23030545181496
334.3065361909094	56.027256160622926
129.0919958706324	179.554325264548

0.0	0.8404367687090141	0.20650058290216822	0.7777895387573214	
0.8404367687090141	0.0	0.3161298374133731	0.023013474841954373	
0.20650058290216822	0.3161298374133731	0.0	0.9441430981192129	
0.7777895387573214	0.023013474841954373	0.9441430981192129	0.0	

0.6305309143111365	0.48250240988549764	0.07056902409441435	
0.015881849302210815	0.12172461744154939	0.22499718030408367	
0.04420076901964243	0.22403851819456422	0.6090798970130221	
0.9212837353777968	0.08791451196048483	0.12029380858043359	

0.0	0.11452325511808992	0.49283777731820877	
0.11452325511808992	0.0	0.3962610303082942	
0.49283777731820877	0.3962610303082942	0.0	

252.12018560429829	155.89504740006257	88.03047269269992	113.59702718975934	
84.32995353829128	325.2292365743728	106.91732556197724	93.53021081885608	
255.65342146263538	324.526916504501	115.1867262619246	86.8155587412118	
17.07048187173183	137.67665663196482	121.2210658884827	82.49391247887144	

-1.0	-1.0	113.75950914995481	87.9047393463896	
-1.0	-1.0	137.32277410446855	72.82113302191581	
-1.0	-1.0	128.8248880705303	77.6247520939052	

259.50938707132644	155.89504740006257
191.2472791002685	240.60891708237477
342.1274301162391	237.71135776328921
94.78006598242843	55.18274415309338

0.0	0.6319916715694566	0.9807779424702749	0.5052835067047912	
0.6319916715694566	0.0	0.41343199984091594	0.04735982912980574	
0.9807779424702749	0.41343199984091594	0.0	0.24155484928803872	
0.5052835067047912	0.04735982912980574	0.24155484928803872	0.0	

0.19249864418899298	0.13265865337267224	0.6433936996325431	
0.23166524674516664	0.9908862268162374	0.5671644308292738	
0.8824432906133793	0.1727868554201314	0.861647559805089	
0.9001100907464459	0.317070714235305	0.41429098682779997	

0.0	0.0012794841597811857	0.9505194133063144	
0.0012794841597811857	0.0	0.8295971261390652	
0.9505194133063144	0.8295971261390652	0.0	

117.32086303884108	228.6746256709716	110.36239760399278	90.610572233873	
5.254511015319203	354.34937286372065	106.74743247037397	93.67906813848042	
17.64925320520078	259.7517593205429	90.09445195605107	110.99462600514063	
247.9648438356346	121.4226631662948	89.81949641261758	111.3344028790973	

-1.0	-1.0	123.64480610242005	80.87683029497083	
-1.0	-1.0	115.81398085127758	86.3453611256269	
-1.0	-1.0	110.79647872201728	90.25557594740434	

191.90464493501105	138.0640534370986
112.00194348569318	330.01414288748134
36.51915984898052	148.75713331540226
299.12934763683705	10.0882602871975

0.0	0.3948732120941614	0.8607062818829503	0.11107042280031587	
0.3948732120941614	0.0	0.07251896760055654	0.9502106541782388	
0.8607062818829503	0.07251896760055654	0.0	0.21052378281858275	
0.11107042280031587	0.9502106541782388	0.21052378281858275	0.0	

0.4804195710383383	0.6704719540437304	0.41715376834582185	
0.19028985996828607	0.7907801970954641	0.26727294248777056	
0.9964140961061715	0.4171584097674689	0.4156245922142052	
0.8128620902671729	0.0560619421619698	0.045562663485820165	

0.0	0.47002045773040346	0.8088585464704805	
0.47002045773040346	0.0	0.9351826224741772	
0.8088585464704805	0.9351826224741772	0.0	

0.8193206348099515	233.52439840322097	110.59339705716908	90.42131145343782	
163.09807296828888	324.58028809324196	132.95323252404063	75.21441795852385	
10.70664070657537	324.451573317736	136.05035796000817	73.50219543663007	
153.48974169451452	140.4213333113662	86.71155859040643	115.32487897301361	

-1.0	-1.0	91.09786071931131	109.77206183591704	
-1.0	-1.0	140.24836156137675	71.30208074212482	
-1.0	-1.0	92.3601886588319	108.27175805085099	

95.94302316740912	143.10308694978315
296.0513054923295	315.213416783993
22.452350194588625	250.94937788110593
153.48974169451452	93.73457585472534

0.0	0.29751630916968663	0.096803615446731	0.10542598768898748	
0.29751630916968663	0.0	0.5167832767130429	0.9399770265682814	
0.096803615446731	0.5167832767130429	0.0	0.08246508461665603	
0.10542598768898748	0.9399770265682814	0.08246508461665603	0.0	

0.5702665692751786	0.64887935131431	0.1421851001193134	
0.10120568551901665	0.7495698400550321	0.4338476493397473	
0.5450923013098211	0.844596864772844	0.0762538286161778	
0.8168855590199957	0.5649160655436952	0.6293940064373237	

0.0	0.6896672246268102	0.64587717029219	
0.6896672246268102	0.0	0.27311244976338456	
0.64587717029219	0.27311244976338456	0.0	

168.99809717799255	293.2075302358425	110.51060913703122	90.48904967667109	
14.240459119017814	129.48071125894216	109.83764630600223	91.04346584540329	
183.5450354807494	128.62408451954803	80.10265561992337	124.83980615385204	
29.839275222025456	287.18924255690206	135.20871996473147	73.95972687714557	

-1.0	-1.0	93.46846216380881	106.9879590238088	
-1.0	-1.0	75.11939769602338	133.121408141021	
-1.0	-1.0	141.39393401746506	70.72439188773681	

279.5087063150238	263.51555521529326
124.07810542502006	48.21886875371564
207.8695279149024	128.62408451954803
113.01852510261543	213.22951567975645

0.0	0.39530821394970983	0.6723234873410457	0.4263075853256385	
0.39530821394970983	0.0	0.37708773762223424	0.8481663768195765	
0.6723234873410457	0.37708773762223424	0.0	0.7796643464013533	
0.4263075853256385	0.8481663768195765	0.7796643464013533	0.0	

0.6903822239223162	0.4222612820505117	0.4047013716662532	
0.8349866405808805	0.5872528374232329	0.7400165343826336	
0.7773744481956704	0.5467325844643844	0.7738709893690142	
0.23323585664966162	0.12099446911889833	0.9513759903527028	

0.0	0.25051461001329356	0.9156521022930671	
0.25051461001329356	0.0	0.5644815399538216	
0.9156521022930671	0.5644815399538216	0.0	

79.2800265074671	288.8905458372085	81.4856411578342	122.72100774945648	
126.3653770029706	95.1260948830244	132.03479959095299	75.73760880449883	
179.62719166902713	331.1190029765505	72.07323179531046	138.74776738748466	
1.6435826244675091	131.19837601360973	112.94410353710472	88.53937201524444	

-1.0	-1.0	119.30295029260829	83.82022385425932	
-1.0	-1.0	124.8202572782709	80.11520099422862	
-1.0	-1.0	131.81510592097322	75.86383920212661	

79.2800265074671	270.41191795166696
142.16688992999624	95.1260948830244
179.62719166902713	286.8996648919475
114.58768616157224	58.85567191270957

0.0	0.7615415382467897	0.958990701603929	0.9063979929540787	
0.7615415382467897	0.0	0.6020293686943441	0.22672416441964593	
0.958990701603929	0.6020293686943441	0.0	0.8124483986035226	
0.9063979929540787	0.22672416441964593	0.8124483986035226	0.0	

0.22156554966722752	0.65314977863844	0.9201133179099926	
0.800704189949885	0.7885643909780023	0.29839766706815396	
0.33443489499315404	0.1036307914622756	0.9701886439283751	
0.19342169183817537	0.13210447585734908	0.21856296929880814	

0.0	0.3985885439587976	0.8640456184461442	
0.3985885439587976	0.0	0.18552727640867184	
0.8640456184461442	0.18552727640867184	0.0	

62.36297509984561	255.96951283754777	105.6830759209898	94.6225297934756	
203.07972011075643	151.89458639141716	76.5445010381111	130.64295755250993	
180.19620196466659	324.57448779265945	98.1915225201038	101.84178576060467	
279.6708315934179	295.6135128399544	72.89947916388482	137.1751913003256	

-1.0	-1.0	114.88034592224753	87.04709164758371	
-1.0	-1.0	134.86079014702725	74.15053692847158	
-1.0	-1.0	96.85740284457788	103.24456062534	

62.36297509984561	169.56632289188397
203.07972011075643	131.72899012059656
277.0089504467837	222.7327020320548
314.46818643943254	295.6135128399544

0.0	0.03321865434759219	0.9207385055046305	0.8834872405876062	
0.03321865434759219	0.0	0.17468357767261555	0.4342926525725479	
0.9207385055046305	0.17468357767261555	0.0	0.07367389011819248	
0.8834872405876062	0.4342926525725479	0.07367389011819248	0.0	

0.6579974360687496	0.6723200937480343	0.06179810820792353	
0.016895465611602933	0.27405352904092395	0.8859120380983388	
0.07317544507576212	0.29033163449485455	0.9410574270054956	
0.3172637426569046	0.13954670579111117	0.7060805953495982	

0.0	0.9311140887747633	0.2732390504834611	
0.9311140887747633	0.0	0.49397044661319855	
0.2732390504834611	0.49397044661319855	0.0	

