10

648	648

12

9

185.4285710613356	438.07023528492516	129.16136235858198	77.42253424238181	
36.26456436922407	619.9050810006215	85.8827394080311	116.43783219920063	
38.06733319884033	501.0507411766765	71.63625617490825	139.5941180340837	
194.62392956772794	630.1423788775887	78.47618562938635	127.4271923361089	
30.78485246456657	242.9662400847609	73.18956220126447	136.63150453750404	
442.99721116074	620.3156651404773	110.22177539391566	90.72617424516652	
442.997972061903	529.3762357576261	110.15259960430211	90.78315024722704	
398.5861717324596	342.1234931310427	128.40701171663903	77.87736718044188	
109.8813236161175	134.6670943797534	75.51185254579326	132.42954136154478	
322.6470121195995	524.0968078670536	88.986348635351	112.3767876011868	
43.11639209920508	357.345107709936	140.104951245546	71.37506498592	
323.3080785241548	628.839967549774	100.98945402162656	99.020240250616	

-1.0	-1.0	130.55387203299878	76.5967324008008	
-1.0	-1.0	139.72833109007777	71.56744750320794	
-1.0	-1.0	128.98541446516535	77.52814565479933	
-1.0	-1.0	98.46049617375101	101.56357512512659	
-1.0	-1.0	113.68156656272726	87.96500877283563	
-1.0	-1.0	91.0125701043618	109.87493253440985	
-1.0	-1.0	109.37980197644306	91.42455754448781	
-1.0	-1.0	116.02101342181875	86.19128298459952	
-1.0	-1.0	113.27236426933408	88.28278693135103	

215.20341044308796	360.6477010425433
36.26456436922407	554.0304741363457
38.06733319884033	378.97823635438
194.62392956772794	555.3077336478585
94.66592320993807	106.33473554725686
521.0648943038904	529.5894908953109
536.7112896080002	529.3762357576261
526.9931834490986	279.48981016034134
184.10942038309193	2.2375530182085868
370.2192852153797	524.0968078670536
183.2213433447511	306.97906858391076
344.24048717231386	529.8197272991579

0.0	0.7698398637065423	0.5856256413473656	0.19105089958287946	0.4445509781576302	0.9636680340011566	0.19719919639215222	0.06613707263475987	0.208839227632014	0.40640571082443067	0.5270031930438428	0.053292311285115024	
0.7698398637065423	0.0	0.18229497011379725	0.7721100602511757	0.5302503776703753	0.621323608774065	0.05362782341765693	0.8864347410340764	0.5311012291207743	0.21648282236608252	0.9130846153418978	0.834433343189194	
0.5856256413473656	0.18229497011379725	0.0	0.4642581854626713	0.3400173044635343	0.9487538151920913	0.19115322070964147	0.7932266969219361	0.2889050413453478	0.7791223727562389	0.4572834410793696	0.5430144532493305	
0.19105089958287946	0.7721100602511757	0.4642581854626713	0.0	0.966319786444751	0.2382720879370629	0.9867026596451587	0.050396954242279746	0.8029124697025708	0.2515409917620133	0.9976445433999268	0.20613428772821152	
0.4445509781576302	0.5302503776703753	0.3400173044635343	0.966319786444751	0.0	0.8864425860214294	0.0653108099090356	0.2199486755872927	0.5198060207232439	0.6967985074591257	0.8018300901768807	0.3103465733973474	
0.9636680340011566	0.621323608774065	0.9487538151920913	0.2382720879370629	0.8864425860214294	0.0	0.9219190470282237	0.5693741399943893	0.4660007020083453	0.538027324525629	0.9007709057258586	0.2948066693315692	
0.19719919639215222	0.05362782341765693	0.19115322070964147	0.9867026596451587	0.0653108099090356	0.9219190470282237	0.0	0.2655591337126618	0.8152901994960506	0.6481492327127846	0.9966555887322235	0.6550793878559277	
0.06613707263475987	0.8864347410340764	0.7932266969219361	0.050396954242279746	0.2199486755872927	0.5693741399943893	0.2655591337126618	0.0	0.958580787804195	0.5030279449078561	0.4266725862890022	0.6280368435765695	
0.208839227632014	0.5311012291207743	0.2889050413453478	0.8029124697025708	0.5198060207232439	0.4660007020083453	0.8152901994960506	0.958580787804195	0.0	0.6512002829992319	0.8094274669503635	0.20659513872667667	
0.40640571082443067	0.21648282236608252	0.7791223727562389	0.2515409917620133	0.6967985074591257	0.538027324525629	0.6481492327127846	0.5030279449078561	0.6512002829992319	0.0	0.36521615160160936	0.9801087810079476	
0.5270031930438428	0.9130846153418978	0.4572834410793696	0.9976445433999268	0.8018300901768807	0.9007709057258586	0.9966555887322235	0.4266725862890022	0.8094274669503635	0.36521615160160936	0.0	0.01206239314918911	
0.053292311285115024	0.834433343189194	0.5430144532493305	0.20613428772821152	0.3103465733973474	0.2948066693315692	0.6550793878559277	0.6280368435765695	0.20659513872667667	0.9801087810079476	0.01206239314918911	0.0	

0.995597294112634	0.3116960682289208	0.2504728538722307	0.5443927046503977	0.7773377274659916	0.24999626927164054	0.5264025758422873	0.7891461525230479	0.009509225595054516	
0.24812557117451217	0.9981427086981784	0.8261078622962937	0.017184202836553086	0.34133279384493986	0.006015205887340502	0.6966664039811578	0.4552472619713216	0.3561066122329396	
0.9332668395191249	0.6474582237201201	0.07183331946742177	0.9103063404044605	0.4921576045653572	0.9933931590352796	0.6083519324017643	0.415487212540373	0.8581373372889385	
0.13590446071894158	0.37360388509065745	0.5351857795855732	0.9381519311650356	0.0363810166677776	0.8781290549858788	0.15937694289646465	0.2358780594594342	0.5043092638191968	
0.6698071631303694	0.7180087380223803	0.35969339506257936	0.375472594662949	0.17286599927687785	0.575467049224415	0.20844710577949466	0.027626631450176853	0.8998344996073852	
0.32301708765840664	0.2656029268474991	0.7093886303341621	0.8796108991706629	0.017714236524809412	0.2340852362627609	0.842650277391208	0.5246986197438528	0.8039719220741488	
0.4521663884735786	0.7996425218739661	0.4467962259492444	0.8979195979373658	0.1449910832416963	0.6528523758171015	0.922309558875618	0.6148791804827202	0.5868414593375187	
0.04931109775850551	0.8079876730479343	0.9767337024128688	0.676004892319634	0.6703439712998525	0.7117668963600783	0.4486570688689634	0.25711333891306665	0.7036923324792568	
0.1350398293815651	0.5236192754553671	0.765081815501968	0.37698802722198843	0.11994933904374094	0.1982767294959138	0.41028081262507465	0.8798818183851621	0.6589400174821528	
0.8653025683932932	0.17633572390829289	0.9366967901368409	0.7536828535906123	0.7849072560999181	0.359953531018654	0.8822985852483082	0.5466211101815834	0.09224490279364916	
0.24643547976806823	0.3409442572666245	0.3907686848082855	0.24759639423958435	0.7850421010619328	0.5111921592926102	0.07202496286206228	0.9426652694110798	0.805134180616196	
0.619525447025336	0.6531524965257586	0.7390180613727714	0.3970221302102249	0.32116181837710045	0.5696976549875162	0.13364566945165157	0.570713099324249	0.6985933119114272	

0.0	0.32181812298433954	0.20125332288122022	0.03671901865186589	0.9091975297381767	0.6588500104879352	0.5711213916772838	0.7380048967997118	0.13257145587314512	
0.32181812298433954	0.0	0.5819249254042932	0.4785977097492714	0.8223882075523058	0.39159294495468877	0.03000766393384835	0.23834279685260829	0.3505075204079344	
0.20125332288122022	0.5819249254042932	0.0	0.028356443306089663	0.2995212976639672	0.7912975503959573	0.5807106604811957	0.4876585104381874	0.9286847619443032	
0.03671901865186589	0.4785977097492714	0.028356443306089663	0.0	0.43047970170645433	0.9045062959460684	0.10808957289937327	0.6120852535596182	0.9488915300037998	
0.9091975297381767	0.8223882075523058	0.2995212976639672	0.43047970170645433	0.0	0.9076143324322793	0.8012675048652836	0.8604116012676716	0.6484772144677823	
0.6588500104879352	0.39159294495468877	0.7912975503959573	0.9045062959460684	0.9076143324322793	0.0	0.3236043091186398	0.3665934060115521	0.1427857330657546	
0.5711213916772838	0.03000766393384835	0.5807106604811957	0.10808957289937327	0.8012675048652836	0.3236043091186398	0.0	0.20645912634923924	0.7272869220839332	
0.7380048967997118	0.23834279685260829	0.4876585104381874	0.6120852535596182	0.8604116012676716	0.3665934060115521	0.20645912634923924	0.0	0.8845759459630923	
0.13257145587314512	0.3505075204079344	0.9286847619443032	0.9488915300037998	0.6484772144677823	0.1427857330657546	0.7272869220839332	0.8845759459630923	0.0	

105.6808407986493	204.78488208966826	110.20072018629835	90.74350860043958	
338.85771671708096	482.83443875310417	133.79310567859415	74.74226679529065	
11.724373330119228	345.6158977251675	76.89663194229718	130.04470738723572	
318.75974362230835	297.2490688216475	139.18260967672305	71.84805647219018	
216.29770901690418	214.8603825596851	102.30681931692936	97.74519496126331	
347.64997886569245	611.6698179972099	100.48588970592097	99.51645976629857	
489.48561324807923	293.50777264631705	141.41534784156082	70.71368244417019	
339.65864270476544	398.74988586584186	113.86856837124493	87.82054734715788	
218.65709810038516	466.15745700330365	109.16479284248553	91.60462581034761	
492.5005398368153	222.67818577279712	92.17940449293573	108.48410287534848	
527.5534270031117	439.5551485581964	80.2554569200543	124.6021190803437	
223.12994877619863	620.7835534147754	115.35603377655227	86.68813994914447	

-1.0	-1.0	121.75317775546111	82.1333798784686	
-1.0	-1.0	138.1015173740915	72.41050055164744	
-1.0	-1.0	135.6267570943248	73.73176365962408	
-1.0	-1.0	98.87720535523947	101.13554447734099	
-1.0	-1.0	135.05192261772197	74.04559525084292	
-1.0	-1.0	138.9947212421369	71.94517828183861	
-1.0	-1.0	130.74202484023087	76.48650089533325	
-1.0	-1.0	92.12856335821839	108.54396981224546	
-1.0	-1.0	119.6237186453319	83.59546178002243	

213.73330539243312	204.78488208966826
338.85771671708096	412.2849343790875
37.356487250656784	215.57119033793174
399.2961642423281	297.2490688216475
305.3924038467501	214.8603825596851
446.82341342529395	611.6698179972099
577.98644366028	293.50777264631705
414.68088765955423	398.74988586584186
292.7736310040955	466.15745700330365
584.679944329751	182.4672818480164
569.0647539525091	314.9530294778526
328.1991461022948	534.0954134656309

0.0	0.03867310195546625	0.9258485353884613	0.9163606034471632	0.2861061314331158	0.18067615632672562	0.40681127189317456	0.40943319303544534	0.3949411643086421	0.4725920557508385	0.06636975165382097	0.08268674289257238	
0.03867310195546625	0.0	0.03499111764199492	0.3239910429227255	0.5607271210426343	0.735566549692377	0.7186889050453931	0.16257838179423345	0.47973841612953594	0.7135497575492903	0.04236365536819431	0.2099879100505957	
0.9258485353884613	0.03499111764199492	0.0	0.364877374345156	0.46570711195195513	0.13828871326064274	0.6535254387421002	0.2457219767700909	0.05897798193990178	0.439798592302696	0.13208577480995176	0.6249904591761186	
0.9163606034471632	0.3239910429227255	0.364877374345156	0.0	0.3293874759115789	0.588427920254127	0.4598387618119758	0.8913929069539216	0.7591037500888284	0.7726141434301683	0.13288160331400245	0.8206489229081461	
0.2861061314331158	0.5607271210426343	0.46570711195195513	0.3293874759115789	0.0	0.5892914708840737	0.47541385269354597	0.5708432766147369	0.2924820794749545	0.12712032922830985	0.5554052431292851	0.03665302338303722	
0.18067615632672562	0.735566549692377	0.13828871326064274	0.588427920254127	0.5892914708840737	0.0	0.6915649625928688	0.06510328394485898	0.6312253521974683	0.7645908208328375	0.3192892497319304	0.532103596928165	
0.40681127189317456	0.7186889050453931	0.6535254387421002	0.4598387618119758	0.47541385269354597	0.6915649625928688	0.0	0.44744831986914635	0.09463258745140102	0.13441277875292945	0.899006989492849	0.6210716822416849	
0.40943319303544534	0.16257838179423345	0.2457219767700909	0.8913929069539216	0.5708432766147369	0.06510328394485898	0.44744831986914635	0.0	0.9766817220043974	0.45319213148836934	0.4521234023258287	0.7735006795340328	
0.3949411643086421	0.47973841612953594	0.05897798193990178	0.7591037500888284	0.2924820794749545	0.6312253521974683	0.09463258745140102	0.9766817220043974	0.0	0.6686752574021027	0.4826381675218886	0.7372311704651938	
0.4725920557508385	0.7135497575492903	0.439798592302696	0.7726141434301683	0.12712032922830985	0.7645908208328375	0.13441277875292945	0.45319213148836934	0.6686752574021027	0.0	0.831382913290981	0.25899936374896926	
0.06636975165382097	0.04236365536819431	0.13208577480995176	0.13288160331400245	0.5554052431292851	0.3192892497319304	0.899006989492849	0.4521234023258287	0.4826381675218886	0.831382913290981	0.0	0.5730791607967654	
0.08268674289257238	0.2099879100505957	0.6249904591761186	0.8206489229081461	0.03665302338303722	0.532103596928165	0.6210716822416849	0.7735006795340328	0.7372311704651938	0.25899936374896926	0.5730791607967654	0.0	

0.678406825412102	0.9955953637319964	0.9669568242650793	0.29740519623123307	0.3619754288324655	0.7677759831982792	0.31159795709361104	0.2181376146485735	0.7359422468666668	
0.7248204354126483	0.5121172807615306	0.6125664522657899	0.2634549048341144	0.6614452717389259	0.7420246046243354	0.38174860120453646	0.09216745204968924	0.6737758348373851	
0.06789976065754999	0.5190022343071702	0.6034718237151514	0.29863339462374583	0.5871312754354968	0.6208165708326153	0.9243651877608202	0.0777462046472015	0.9878398673169222	
0.520637587306547	0.904303344798756	0.30924403591371186	0.21937209366343557	0.591581324823953	0.7830224372942626	0.23024116165421904	0.013506453061722934	0.19869522726859923	
0.4051947839634461	0.512008064267263	0.4545232435132047	0.3722100887579046	0.3739169156448292	0.7431774636632513	0.6605460488492043	0.020293957818364072	0.9774110548444928	
0.5266252370732284	0.9090714021787591	0.9031404176883501	0.07195386270076676	0.9221128892733174	0.21636075323030213	0.1497939521915217	0.3589292279304489	0.2294726227976296	
0.46337622517607047	0.31493522577277144	0.655034641060919	0.5260621922355739	0.6502005442662772	0.8449195015744849	0.8220534627352784	0.9474113119775351	0.7563878496283288	
0.3506814968074301	0.9962383508158756	0.4314272242041288	0.9864514288401367	0.2696911010446613	0.6372336166553378	0.5342223502704989	0.8877009808141296	0.33996338649107904	
0.7025976475557161	0.9695716992149136	0.9419006836119922	0.8061978540168679	0.946368569624858	0.7242036353561103	0.7527266094741961	0.43144160815667476	0.9387500280980569	
0.9575726415750132	0.8777602816800314	0.19724134373994828	0.9088758140483393	0.40745825661277146	0.686762560109084	0.04106980534294147	0.9237459266612064	0.6916789681458911	
0.3672300944723901	0.10188233272918445	0.2338083416729242	0.7214063993458387	0.3437444169523176	0.7229794080644806	0.8392947444151022	0.4230090455372284	0.9293815680508289	
0.8959217143500336	0.46130013101000455	0.10305134464430932	0.9854576031683147	0.9200642945504706	0.1377300880796113	0.08501826179068495	0.7301437837264664	0.7993466676568504	

0.0	0.6965313662672247	0.6069923909275426	0.30129634552871243	0.48797557147086534	0.29226780486978865	0.3011725500144097	0.6627733130422531	0.030125531133047945	
0.6965313662672247	0.0	0.6428032053744897	0.8477923588076649	0.8800260377125482	0.5773842942665018	0.9949174829024705	0.6463671506485374	0.9697842174451509	
0.6069923909275426	0.6428032053744897	0.0	0.5042334758984804	0.8039355127677376	0.0631242119703298	0.8356753034605535	0.756098014998054	0.9284740532510639	
0.30129634552871243	0.8477923588076649	0.5042334758984804	0.0	0.14898782229154228	0.6714604080071269	0.08193183497250611	0.07243057264648689	0.22868497974223267	
0.48797557147086534	0.8800260377125482	0.8039355127677376	0.14898782229154228	0.0	0.29256006966579584	0.24757861841360973	0.9947127865963408	0.14458397083975494	
0.29226780486978865	0.5773842942665018	0.0631242119703298	0.6714604080071269	0.29256006966579584	0.0	0.19600366042160355	0.03587377203052389	0.47024657488222255	
0.3011725500144097	0.9949174829024705	0.8356753034605535	0.08193183497250611	0.24757861841360973	0.19600366042160355	0.0	0.04429063898044083	0.8599232407714924	
0.6627733130422531	0.6463671506485374	0.756098014998054	0.07243057264648689	0.9947127865963408	0.03587377203052389	0.04429063898044083	0.0	0.29381301426616613	
0.030125531133047945	0.9697842174451509	0.9284740532510639	0.22868497974223267	0.14458397083975494	0.47024657488222255	0.8599232407714924	0.29381301426616613	0.0	

15.450452143952617	392.63517798578164	90.4603214359366	110.54570491529739	
470.0266568128555	384.8780903974351	104.6754769285029	95.53335980336978	
138.98999551334097	140.13356000812382	98.28430094815974	101.74564913754152	
4.123434437270738	260.280977126908	134.30977671183746	74.45474368895027	
143.4871013533416	512.0371001632645	83.74243021220278	119.41377835178731	
575.4110280414278	329.1896387897189	70.93537706000438	140.97338189294433	
500.2416379571039	209.21228683307828	74.18880685702334	134.79122287641044	
186.47941162245667	287.15427996792334	130.85863557042777	76.41834225466937	
242.93648207159669	150.76704324177956	134.58376435585532	74.30316760615213	
511.96895460942756	510.7813766163215	130.1239330940587	76.84981357558263	
238.59599004176965	607.1508570197418	132.09122494918932	75.70525599900095	
35.21802323711906	589.454302152578	102.80291277867782	97.27350840271214	

-1.0	-1.0	94.10774327654958	106.26118161832352	
-1.0	-1.0	135.0571956269946	74.04270430446616	
-1.0	-1.0	99.4774536971038	100.52529119260258	
-1.0	-1.0	87.44541127419461	114.35705835545687	
-1.0	-1.0	137.56988528704892	72.6903273862177	
-1.0	-1.0	83.34527236720015	119.9828102539793	
-1.0	-1.0	109.89702288655594	90.99427570774833	
-1.0	-1.0	106.42428612609713	93.96351494574716	
-1.0	-1.0	87.82472601674519	113.86315054479464	

15.450452143952617	342.87240886743666
572.7557149453902	384.8780903974351
161.1470300981207	140.13356000812382
4.123434437270738	245.02274462839154
185.15990333748516	512.0371001632645
646.3464051014322	290.4324476836707
540.3154672812727	209.21228683307828
317.33804719288446	227.68539783621827
254.28550693702198	76.46387563562746
511.96895460942756	445.2185323241947
238.59599004176965	586.1714657359357
138.02093601579688	567.094117704063

0.0	0.5900165596252256	0.3901941759935774	0.9568297564584274	0.2692204895974759	0.7001192976341121	0.09696261685412177	0.38572327717715715	0.3677824125916087	0.4483112792342262	0.7276458795169625	0.6835044520907047	
0.5900165596252256	0.0	0.6269023912370634	0.4717186862325472	0.5191366691738103	0.6004842732688331	0.006262438780958113	0.1461062698517125	0.1264048966807565	0.6268970067800741	0.7647053691091764	0.1519545685150545	
0.3901941759935774	0.6269023912370634	0.0	0.2097189162086397	0.41409367201189573	0.8559195635952526	0.3675324131665887	0.7010258170976881	0.21274427630330728	0.19918290377115544	0.2779978830530744	0.6097421299961359	
0.9568297564584274	0.4717186862325472	0.2097189162086397	0.0	0.2901678408987979	0.5843214751354959	0.7205009878741072	0.5390545333107272	0.47686894413782543	0.30046794977965285	0.1793700721123046	0.62496065439807	
0.2692204895974759	0.5191366691738103	0.41409367201189573	0.2901678408987979	0.0	0.600215470608403	0.041381277563483754	0.9719674544610389	0.7418717849366162	0.7367504065114038	0.6517925559563421	0.3405665735154544	
0.7001192976341121	0.6004842732688331	0.8559195635952526	0.5843214751354959	0.600215470608403	0.0	0.913170200847534	0.2947746618634215	0.10356725146815715	0.9900817582352957	0.229997688638098	0.6862526134668203	
0.09696261685412177	0.006262438780958113	0.3675324131665887	0.7205009878741072	0.041381277563483754	0.913170200847534	0.0	0.6851692849855899	0.7716132491800775	0.12088282774882175	0.28528912541188245	0.7085513691138317	
0.38572327717715715	0.1461062698517125	0.7010258170976881	0.5390545333107272	0.9719674544610389	0.2947746618634215	0.6851692849855899	0.0	0.8167733641374492	0.5342323868485295	0.997500705570709	0.15365928661028838	
0.3677824125916087	0.1264048966807565	0.21274427630330728	0.47686894413782543	0.7418717849366162	0.10356725146815715	0.7716132491800775	0.8167733641374492	0.0	0.15233444704199273	0.7925895777949404	0.9657931317008791	
0.4483112792342262	0.6268970067800741	0.19918290377115544	0.30046794977965285	0.7367504065114038	0.9900817582352957	0.12088282774882175	0.5342323868485295	0.15233444704199273	0.0	0.33860672355285204	0.8609598837185203	
0.7276458795169625	0.7647053691091764	0.2779978830530744	0.1793700721123046	0.6517925559563421	0.229997688638098	0.28528912541188245	0.997500705570709	0.7925895777949404	0.33860672355285204	0.0	0.6018425188122583	
0.6835044520907047	0.1519545685150545	0.6097421299961359	0.62496065439807	0.3405665735154544	0.6862526134668203	0.7085513691138317	0.15365928661028838	0.9657931317008791	0.8609598837185203	0.6018425188122583	0.0	

0.6514002762566523	0.7981484472019407	0.6887515502723826	0.38393983987678215	0.5209683503664094	0.07916344364762662	0.9861202523387779	0.22650701093663272	0.7335475795802352	
0.08980959603573246	0.8556842712329413	0.34748759697271847	0.8513845884792446	0.5127182703970797	0.6155449978259718	0.39860426556727213	0.023000059881084445	0.7926143367891026	
0.45148503846352595	0.7125907413004314	0.8987798208932701	0.6242322028614452	0.6509859926442814	0.3980210791413743	0.2883768680877874	0.3660104374359473	0.036652788188834884	
0.8527913180132072	0.5271176787664114	0.9505179057343258	0.18977350501027823	0.9883986375388383	0.11723935150564879	0.219010698721383	0.9815010960689504	0.266732823799141	
0.7146668799963556	0.12021316084945188	0.26215144709903804	0.11691550925051208	0.9431724280445103	0.8823628163660887	0.2983699111641086	0.4217930211577394	0.8351415706332183	
0.09275367274731339	0.6934265699915462	0.5420085880871541	0.9218041871909645	0.6004577143357499	0.07765767024769177	0.7801506648951092	0.12567029198715185	0.29560004717011057	
0.8140791797193088	0.2782935312265674	0.644044501656221	0.11250804440600304	0.32845573217002244	0.08931759858086996	0.9548747019515097	0.05425053526993917	0.4436163771982313	
0.5657163012163056	0.9248243016235267	0.6425279847344443	0.2745660177183734	0.26916750362129427	0.7543395553164969	0.9595705737962877	0.8239494842202127	0.31996693253632036	
0.15561648179091014	0.36764542917307175	0.4066831613764216	0.47749236381103966	0.726754974736371	0.06697061719021702	0.42807627831490835	0.2711865725454041	0.9590198472639914	
0.8842780651111737	0.8415225447163012	0.18611814408481153	0.694012330860611	0.0719631949937527	0.8198500488273973	0.24799941660469804	0.1336872845614686	0.44170442413145306	
0.7886754060677729	0.34961066437493893	0.6985350538647607	0.8566307277547602	0.9906160448701423	0.3139005648503779	0.12787939242466584	0.9625611872025621	0.17597203111921644	
0.9986031151421345	0.22112540431871996	0.0515351912980303	0.8484969475153684	0.7130309808245321	0.529924900254784	0.11979802985651422	0.734134852394313	0.8397765158603873	

0.0	0.5076009613771654	0.7861085403832767	0.8323710190205991	0.31386910141866164	0.9896212369200821	0.09150193326790346	0.6945240042297153	0.7145565494229209	
0.5076009613771654	0.0	0.6373836344971539	0.8285913535752042	0.04995733499574684	0.6796029252352103	0.8583307416854661	0.4463687787646148	0.31608460291829843	
0.7861085403832767	0.6373836344971539	0.0	0.5439680393165326	0.5003680113508098	0.7129001665156972	0.28199798486428496	0.09935750080245531	0.9670801909136129	
0.8323710190205991	0.8285913535752042	0.5439680393165326	0.0	0.17305823859429625	0.6695953925630709	0.1315794203948668	0.8673966500555376	0.6065489385160844	
0.31386910141866164	0.04995733499574684	0.5003680113508098	0.17305823859429625	0.0	0.40997642868420503	0.5865164792088084	0.5298533831603912	0.9777963311811048	
0.9896212369200821	0.6796029252352103	0.7129001665156972	0.6695953925630709	0.40997642868420503	0.0	0.11831269946557943	0.4532145350831476	0.11811098434436007	
0.09150193326790346	0.8583307416854661	0.28199798486428496	0.1315794203948668	0.5865164792088084	0.11831269946557943	0.0	0.25521502071091384	0.20889560440101884	
0.6945240042297153	0.4463687787646148	0.09935750080245531	0.8673966500555376	0.5298533831603912	0.4532145350831476	0.25521502071091384	0.0	0.3287449483224041	
0.7145565494229209	0.31608460291829843	0.9670801909136129	0.6065489385160844	0.9777963311811048	0.11811098434436007	0.20889560440101884	0.3287449483224041	0.0	

223.2923286911934	543.7147703850221	120.8577636224133	82.74189179308529	
226.68682697758922	352.921511274015	74.46732832508542	134.28707897704118	
58.45226097895268	534.4191857074732	139.088887487974	71.89646980866553	
91.55683890661906	189.50576639473184	86.56443847300707	115.52087873957903	
90.2151263808647	642.2526492554686	105.96140199615063	94.37398724078113	
417.4714460710943	409.33213967523665	91.08178944799158	109.79143098313938	
359.09968967847846	186.05813231247924	91.84451852484639	108.87966054604264	
206.95294382445334	178.4010302024946	79.93217830737002	125.10606131045431	
425.7005635433416	591.5424949714019	80.81365733137321	123.74146066667167	
513.1144185424341	513.7753440998204	107.28751151717297	93.20749319830529	
31.373853366710712	454.4584252025698	123.2642889480803	81.12649726322653	
101.03936262501131	336.933406997217	116.84663544372623	85.5822674056887	

-1.0	-1.0	104.12152669923569	96.04161902932802	
-1.0	-1.0	111.58960886677295	89.61407877985323	
-1.0	-1.0	91.49327139733698	109.29765486876079	
-1.0	-1.0	71.53117142075835	139.79919245524894	
-1.0	-1.0	96.3398148237558	103.79924456253123	
-1.0	-1.0	108.7222865781225	91.97746216287025	
-1.0	-1.0	126.3126817142154	79.16861445967216	
-1.0	-1.0	95.2827164388333	104.95082816430298	
-1.0	-1.0	73.36630257299619	136.30235747604218	

242.06513051730025	543.7147703850221
226.68682697758922	227.06393306524944
183.18192094985423	462.52271589880763
135.95883826570878	73.98488765515276
196.17652837701533	603.1993221188792
508.5532355190859	351.58684865577345
450.9442082033248	165.36971197535587
206.95294382445334	82.98148584249577
503.02103013754765	591.5424949714019
513.1144185424341	508.3537115111772
31.373853366710712	437.9211178070792
217.88599806873754	328.0725504231692

0.0	0.945392783468134	0.011880483243173923	0.2952463520863854	0.5122605669462742	0.7381528985666933	0.12267611112607357	0.7129622812327225	0.09069626830909971	0.011317642239777714	0.15169255575377627	0.4571503858539149	
0.945392783468134	0.0	0.5772154542064701	0.6799128790359372	0.4807220516095765	0.38330711938139594	0.2609751476274085	0.22414692595120544	0.6569145787345759	0.42006477933203445	0.7155888910389958	0.7943398902599943	
0.011880483243173923	0.5772154542064701	0.0	0.5921594926846778	0.27234840680129957	0.9330081397429254	0.4631485501681243	0.37304640616024076	0.17882123410178186	0.4668626508847613	0.6210930361111948	0.9395869157463985	
0.2952463520863854	0.6799128790359372	0.5921594926846778	0.0	0.17401612915170084	0.6921319975466754	0.5620919082335027	0.11825053951174658	0.9695457541599312	0.3996430577164055	0.6887302622687774	0.019247231883061544	
0.5122605669462742	0.4807220516095765	0.27234840680129957	0.17401612915170084	0.0	0.05907345463156988	0.7878824691145094	0.7492027935925424	0.45571639700812583	0.7507807609789701	0.8870112677866151	0.8203118880096746	
0.7381528985666933	0.38330711938139594	0.9330081397429254	0.6921319975466754	0.05907345463156988	0.0	0.020189718150253166	0.8730036680503354	0.8212924180784786	0.46298038408289355	0.6334870134807369	0.4136461926655446	
0.12267611112607357	0.2609751476274085	0.4631485501681243	0.5620919082335027	0.7878824691145094	0.020189718150253166	0.0	0.6717574108586126	0.6487539488788043	0.9725503305905524	0.5320796701838758	0.4539303534361778	
0.7129622812327225	0.22414692595120544	0.37304640616024076	0.11825053951174658	0.7492027935925424	0.8730036680503354	0.6717574108586126	0.0	0.16064595181664165	0.23660524426448415	0.6804488978201444	0.6228236912076617	
0.09069626830909971	0.6569145787345759	0.17882123410178186	0.9695457541599312	0.45571639700812583	0.8212924180784786	0.6487539488788043	0.16064595181664165	0.0	0.14093451412039892	0.4516591692960683	0.08519530295290645	
0.011317642239777714	0.42006477933203445	0.4668626508847613	0.3996430577164055	0.7507807609789701	0.46298038408289355	0.9725503305905524	0.23660524426448415	0.14093451412039892	0.0	0.6436727129104837	0.20033379425913878	
0.15169255575377627	0.7155888910389958	0.6210930361111948	0.6887302622687774	0.8870112677866151	0.6334870134807369	0.5320796701838758	0.6804488978201444	0.4516591692960683	0.6436727129104837	0.0	0.0708693677097757	
0.4571503858539149	0.7943398902599943	0.9395869157463985	0.019247231883061544	0.8203118880096746	0.4136461926655446	0.4539303534361778	0.6228236912076617	0.08519530295290645	0.20033379425913878	0.0708693677097757	0.0	

0.13529604808377815	0.5784935479736439	0.6949910825022151	0.6532662490140813	0.04599396800908084	0.27411599343101145	0.5871801205034315	0.5626847206662312	0.6825409867200247	
0.012622515927942723	0.2508105422238275	0.7796263363083881	0.9514252264269379	0.6692149255788382	0.055621200041867214	0.9836463923803471	0.6516716929398632	0.32168573969970127	
0.41428108896216287	0.8238443217172958	0.274859514610019	0.7339359381667152	0.2948152495230164	0.971147652721368	0.2792498302069958	0.344250762550558	0.9127838582653208	
0.213149750431604	0.7700616487214869	0.6378802550487706	0.5962870953134152	0.1297400906709112	0.9915657886582278	0.014917480451667409	0.6186263236136731	0.5723357899826992	
0.4165498900071929	0.6521617594109587	0.001459318504686724	0.5103434511480412	0.5048404191483262	0.40160016159920175	0.9055458804199301	0.8055510568941935	0.3949500637178459	
0.4683356681735883	0.24668733133028498	0.12846937146719717	0.8915521032330377	0.46723557424861895	0.6012215659090634	0.5402131325041988	0.11636588603175757	0.4702691320598331	
0.2984431751428197	0.22933243106453527	0.10117053161739153	0.825448910647515	0.8365754298975633	0.5150748457217672	0.4190466349493548	0.8534850784436567	0.40442967604337776	
0.506879534514221	0.6735785971240272	0.009708244897853047	0.3426445834784857	0.7444745830202548	0.2956333793617498	0.7365102601880085	0.8364059423284526	0.7337690539128424	
0.6334633947290605	0.02549919017564284	0.9958055523904736	0.5408020834107494	0.7642652375406853	0.6587590734558805	0.7505055194709316	0.5093309071156719	0.8039578017754557	
0.20505060489757432	0.6621316566034026	0.7272106881256755	0.7468265588771776	0.10948432377192097	0.8408285071757204	0.08253888614423843	0.027813742670125152	0.6341430803179041	
0.6416650205470958	0.6226074506016546	0.06761652246792038	0.9823259594248095	0.7120888871712258	0.4570263600948742	0.03438851431717438	0.6705309771887102	0.2633845241116243	
0.630952307459731	0.9357225008621861	0.09998937617118353	0.1470981800127621	0.2351767637252442	0.940725254241777	0.3235096173069453	0.43165065064512453	0.5168977235226221	

0.0	0.2035842601772586	0.6948668658236206	0.9083200929060714	0.6250089500088344	0.5141586881540464	0.1749085793305546	0.6997996911921384	0.5105870100979157	
0.2035842601772586	0.0	0.5500663636296493	0.4606791389461312	0.4857931907800511	0.49743112636783127	0.14813171329326869	0.6882954946546768	0.5199364247612803	
0.6948668658236206	0.5500663636296493	0.0	0.884153115797844	0.0848821149329676	0.7063328955772364	0.018391585285020495	0.856858437100066	0.9033672299039375	
0.9083200929060714	0.4606791389461312	0.884153115797844	0.0	0.9361211893941542	0.7288157193322643	0.47184366171310355	0.020020541180290508	0.30819811916937556	
0.6250089500088344	0.4857931907800511	0.0848821149329676	0.9361211893941542	0.0	0.9184164776141795	0.6626931740234747	0.43904453700893475	0.3691565971341313	
0.5141586881540464	0.49743112636783127	0.7063328955772364	0.7288157193322643	0.9184164776141795	0.0	0.21296484013356243	0.7669669240192762	0.08695228113290177	
0.1749085793305546	0.14813171329326869	0.018391585285020495	0.47184366171310355	0.6626931740234747	0.21296484013356243	0.0	0.9918412646892626	0.4028610012724728	
0.6997996911921384	0.6882954946546768	0.856858437100066	0.020020541180290508	0.43904453700893475	0.7669669240192762	0.9918412646892626	0.0	0.8920387607121865	
0.5105870100979157	0.5199364247612803	0.9033672299039375	0.30819811916937556	0.3691565971341313	0.08695228113290177	0.4028610012724728	0.8920387607121865	0.0	

475.8623809312778	570.2135476659548	131.1381226010014	76.2554762997929	
162.7444101586912	328.84745947546423	139.40920652037732	71.73127406430154	
307.1074569461346	96.17881924413905	134.3507772287813	74.43202195229094	
62.96829720958942	645.938740770131	94.2966521395912	106.04830365765892	
182.10494431996838	229.19777383487218	99.36001906612371	100.64410307072343	
500.95563287223933	327.77759828147276	102.54244797645086	97.52058973954402	
309.27296980727084	642.3231539611397	127.44683170033133	78.46409256774017	
170.71291499708332	515.6944633730288	114.18221950454422	87.57931001334249	
164.04970142167397	425.05087687332866	132.0681394701269	75.71848925956851	
325.35551240156224	413.35702807931455	102.21683837805742	97.83123953623154	
331.53329934445355	240.07333777816513	71.24863315463341	140.35356970703774	
298.2400745176961	562.9571813853723	126.55411820940351	79.01757873618496	

-1.0	-1.0	111.52799133944784	89.66358920213929	
-1.0	-1.0	112.93970036571237	88.54282389291626	
-1.0	-1.0	95.50768033218813	104.70362137598462	
-1.0	-1.0	103.40825510352681	96.70407831549362	
-1.0	-1.0	106.79711289958246	93.63549002867377	
-1.0	-1.0	101.2778038377354	98.73831798349156	
-1.0	-1.0	77.52619793967028	128.9886550064257	
-1.0	-1.0	137.9062403119069	72.51303477915636	
-1.0	-1.0	122.30300450780693	81.76414013902392	

558.9331302952817	570.2135476659548
196.95562599760768	328.84745947546423
307.1074569461346	43.729257301128655
62.96829720958942	633.3095565175865
223.7371879874095	229.19777383487218
603.4980808486902	234.94211335973478
436.71980150760214	572.6278949267751
170.71291499708332	448.6105968136172
164.04970142167397	416.6505085100086
410.10298330036994	413.35702807931455
401.97073710506817	240.07333777816513
424.7941927270996	508.94835495551655

0.0	0.9022634318941158	0.7021630683766801	0.38484528520056493	0.37438147646179787	0.7128131033024065	0.8510225905101514	0.21704134969565136	0.6768394600275918	0.6187988936780774	0.6696184660090214	0.015347555673561164	
0.9022634318941158	0.0	0.019316532996304314	0.25484850117769253	0.03134378134589921	0.5468885135025731	0.16291935302031013	0.29983846721465257	0.9225831842160462	0.618978172368581	0.28610222787900186	0.46859472158867965	
0.7021630683766801	0.019316532996304314	0.0	0.40559717900871395	0.18470037559431507	0.7594711556498174	0.11912423699636521	0.9634956296475817	0.8826801925417699	0.2685133793885893	0.2623694304830597	0.7316958129990873	
0.38484528520056493	0.25484850117769253	0.40559717900871395	0.0	0.053584081394062566	0.42340238061018254	0.17218033799727728	0.7068556431549458	0.511539534510092	0.8799110550819251	0.25296607290761897	0.525919980288788	
0.37438147646179787	0.03134378134589921	0.18470037559431507	0.053584081394062566	0.0	0.16646116831483804	0.10341092702567611	0.31973497018126007	0.8470872367567192	0.3988040481525126	0.5512529400420368	0.5433855862357141	
0.7128131033024065	0.5468885135025731	0.7594711556498174	0.42340238061018254	0.16646116831483804	0.0	0.6460156584025325	0.7467909837041069	0.029495621818967477	0.6303516998344885	0.25882662083142793	0.2663326605250095	
0.8510225905101514	0.16291935302031013	0.11912423699636521	0.17218033799727728	0.10341092702567611	0.6460156584025325	0.0	0.4561852669490195	0.6013277189369993	0.4365770765486763	0.0014463143221282726	0.2246936470782701	
0.21704134969565136	0.29983846721465257	0.9634956296475817	0.7068556431549458	0.31973497018126007	0.7467909837041069	0.4561852669490195	0.0	0.43037483787781794	0.4107138428878634	0.876006431775944	0.9905157973065072	
0.6768394600275918	0.9225831842160462	0.8826801925417699	0.511539534510092	0.8470872367567192	0.029495621818967477	0.6013277189369993	0.43037483787781794	0.0	0.8598312149147658	0.9586025006240189	0.48610902147603563	
0.6187988936780774	0.618978172368581	0.2685133793885893	0.8799110550819251	0.3988040481525126	0.6303516998344885	0.4365770765486763	0.4107138428878634	0.8598312149147658	0.0	0.5679957884300559	0.4298633888985358	
0.6696184660090214	0.28610222787900186	0.2623694304830597	0.25296607290761897	0.5512529400420368	0.25882662083142793	0.0014463143221282726	0.876006431775944	0.9586025006240189	0.5679957884300559	0.0	0.9595004675959445	
0.015347555673561164	0.46859472158867965	0.7316958129990873	0.525919980288788	0.5433855862357141	0.2663326605250095	0.2246936470782701	0.9905157973065072	0.48610902147603563	0.4298633888985358	0.9595004675959445	0.0	

0.29819768560435544	0.4769876588430556	0.21282395240244367	0.9132904840723624	0.9950616105342202	0.7171340514770488	0.309208311371337	0.4667347605907721	0.9668251723448266	
0.9885174297363292	0.986328172773177	0.3535110719724176	0.47004151970285946	0.8788364888645808	0.26981022200474314	0.6084061175641912	0.47198069123284303	0.8779874598532191	
0.9302699956867719	0.4721140358826049	0.7906393600529542	0.9416561528029733	0.39377467880418726	0.21201016338965617	0.3942860099370331	0.21677246080248047	0.01553091528918904	
0.9375050330039337	0.25742271545306594	0.6169680555055431	0.6122136639703033	0.6943109097405435	0.5186772054691648	0.04262358783754694	0.8251106188354264	0.6815235850302723	
0.9410221978618918	0.30278669392960733	0.9692636689531708	0.6512419723938907	0.8358513745739744	0.21518785347195668	0.513047279396681	0.4225191725902381	0.6798244445756054	
0.9357758968588986	0.2281314290538098	0.9697582152914729	0.6270263852973659	0.3006410780509525	0.3515339783975794	0.7302363934804221	0.998868861077923	0.850887888453627	
0.8094761760960798	0.6162622873809604	0.6202947516874656	0.2549660725096543	0.6670118714827	0.7145403295087035	0.5632291039030557	0.04316313125078386	0.4879092927517613	
0.8086368710930139	0.45685317924430013	0.9254068880061437	0.21602199643677344	0.6700137473288598	0.0291607635829938	0.4762221129912191	0.5223932691058426	0.5289142100935204	
0.955388647005745	0.639630775505795	0.30159634410836433	0.25845688320445803	0.4062963538479972	0.3319800963636985	0.14632039055937085	0.5836142492568913	0.9129025813360953	
0.4021287868627397	0.18096987499458295	0.061321429632651636	0.2941689702941882	0.34611640582440706	0.5930533035260546	0.6687823062991118	0.43025435238334986	0.46738647421028323	
0.5653945271197254	0.5841098239431555	0.6063457768411828	0.6238293227361701	0.08270792527287663	0.1467577197751695	7.050596756978944E-4	0.30935573096487035	0.2628365923915831	
0.04477119603270341	0.6454526161384367	0.5804078724132141	0.44596041967781086	0.4917047877603269	0.8497431880005862	0.25675937281645034	0.2643386039258726	0.528125008295036	

0.0	0.9011517158767701	0.31065935345541473	0.6109370917425774	0.2644733012025289	0.3137592263383545	0.8248269401591689	0.3383438715665916	0.12288830034527354	
0.9011517158767701	0.0	0.4990665871009715	0.9008487664471763	0.9355194949528921	0.3391466384180829	0.6315266819066598	0.7150841506950487	0.027593969344226643	
0.31065935345541473	0.4990665871009715	0.0	0.778196147534036	0.06410446730287467	0.6603933310641692	0.26073099995002347	0.10472344200032413	0.40503062779532795	
0.6109370917425774	0.9008487664471763	0.778196147534036	0.0	0.21313226210973846	0.3439935174707248	0.9566572311453724	0.3115878356504148	0.7917797624513481	
0.2644733012025289	0.9355194949528921	0.06410446730287467	0.21313226210973846	0.0	0.8119198897426941	0.8926442933942899	0.37160988407996653	0.8792888284834254	
0.3137592263383545	0.3391466384180829	0.6603933310641692	0.3439935174707248	0.8119198897426941	0.0	0.2817560445123922	0.1266391935393122	0.960869748750342	
0.8248269401591689	0.6315266819066598	0.26073099995002347	0.9566572311453724	0.8926442933942899	0.2817560445123922	0.0	0.6637203336246238	0.32099646069328025	
0.3383438715665916	0.7150841506950487	0.10472344200032413	0.3115878356504148	0.37160988407996653	0.1266391935393122	0.6637203336246238	0.0	0.7915006002443243	
0.12288830034527354	0.027593969344226643	0.40503062779532795	0.7917797624513481	0.8792888284834254	0.960869748750342	0.32099646069328025	0.7915006002443243	0.0	

52.212043095319956	369.1315442485624	135.2335861673879	73.94612746290935	
