3

529	529

8

6

142.8989706125169	362.8533208435583	129.16136235858198	77.42253424238181	
20.771023279074683	514.0621760484087	85.8827394080311	116.43783219920063	
4.431161585499332	204.30684469439353	71.63625617490825	139.5941180340837	
161.93688582903565	193.1772673270969	78.47618562938635	127.4271923361089	
422.0138604571128	202.74544795082664	73.18956220126447	136.63150453750404	
138.4033192918014	483.3718432792634	110.22177539391566	90.72617424516652	
272.49812446554364	182.66663417902976	110.15259960430211	90.78315024722704	
250.9594496868396	283.9198810755443	128.40701171663903	77.87736718044188	

-1.0	-1.0	102.36328577192187	97.69127597448605	
-1.0	-1.0	140.36250110025546	71.24409953950158	
-1.0	-1.0	71.34314877666698	140.16762886796684	
-1.0	-1.0	138.28407678846236	72.31490589691917	
-1.0	-1.0	105.59705582307615	94.69960996596932	
-1.0	-1.0	128.96901332993656	77.53800499673032	

142.8989706125169	304.7368234067245
20.771023279074683	490.2639348872406
76.06741776040758	133.7520184280935
161.93688582903565	98.11893293516601
466.5595524701321	66.1139434133226
138.4033192918014	459.7347575694409
302.007169612454	182.66663417902976
379.36646140347864	280.3639001957716

0.0	0.2916775570944713	0.9786837973313037	0.7082782223761911	0.6417294487068297	0.44553859753522773	0.6117549347696477	0.8507590186953445	
0.2916775570944713	0.0	0.2668807570922199	0.804260406307511	0.7403202949555634	0.07149601925288718	0.857389338288436	0.982999281099079	
0.9786837973313037	0.2668807570922199	0.0	0.5346019229390147	0.7868076590793586	0.3476562584703823	0.31379507804812423	0.7056531456183027	
0.7082782223761911	0.804260406307511	0.5346019229390147	0.0	0.5766413258311879	0.5886049082485937	0.39790671711336345	0.7698398637065423	
0.6417294487068297	0.7403202949555634	0.7868076590793586	0.5766413258311879	0.0	0.06613707263475987	0.208839227632014	0.40640571082443067	
0.44553859753522773	0.07149601925288718	0.3476562584703823	0.5886049082485937	0.06613707263475987	0.0	0.5302503776703753	0.621323608774065	
0.6117549347696477	0.857389338288436	0.31379507804812423	0.39790671711336345	0.208839227632014	0.5302503776703753	0.0	0.8913003248054828	
0.8507590186953445	0.982999281099079	0.7056531456183027	0.7698398637065423	0.40640571082443067	0.621323608774065	0.8913003248054828	0.0	

0.4572834410793696	0.5430144532493305	0.5798450651246495	0.6595252189317173	0.15956307695537264	0.19417842415104036	
0.966319786444751	0.2382720879370629	0.9867026596451587	0.050396954242279746	0.8029124697025708	0.2515409917620133	
0.9976445433999268	0.20613428772821152	0.8084085382783563	0.6263447849577443	0.9646723593245878	0.37100671651694117	
0.9393298780069693	0.8864425860214294	0.0653108099090356	0.2199486755872927	0.5198060207232439	0.6967985074591257	
0.8018300901768807	0.3103465733973474	0.3410699057285548	0.4573841581843201	0.422677892408996	0.6356293306327752	
0.9174984631820251	0.08856773343076996	0.9219190470282237	0.5693741399943893	0.4660007020083453	0.538027324525629	
0.9007709057258586	0.2948066693315692	0.46168928451042957	0.08307165846108877	0.18958069020039092	0.8116453350272664	
0.8151542850664824	0.20244628040028623	0.149098167883166	0.2655591337126618	0.8152901994960506	0.6481492327127846	

0.0	0.6550793878559277	0.9865109042237197	0.3604750733626192	0.33587411257327027	0.9366256824778695	
0.6550793878559277	0.0	0.30777385210183306	0.170376661807776	0.958580787804195	0.5030279449078561	
0.9865109042237197	0.30777385210183306	0.0	0.4718223232273724	0.2160162221594638	0.7181206435083596	
0.3604750733626192	0.170376661807776	0.4718223232273724	0.0	0.781248517455576	0.6512002829992319	
0.33587411257327027	0.958580787804195	0.2160162221594638	0.781248517455576	0.0	0.19343789194419392	
0.9366256824778695	0.5030279449078561	0.7181206435083596	0.6512002829992319	0.19343789194419392	0.0	

58.04450440935281	187.55563846019794	128.64976240781945	77.73041949584037	
89.68264416617494	430.86579590379836	72.0300742262996	138.83089955707422	
232.7583420677072	154.6074557471594	71.97871836340126	138.92995356645113	
211.24072046309536	414.2070339997048	86.68561453507172	115.3593944466316	
112.2987219898751	278.21532729603643	118.28729777222502	84.53993106898157	
362.54454993731895	506.80494885373207	131.8547970762928	75.84100254019485	
385.5261729389939	295.4125637195895	98.36381968708724	101.66339647862165	
221.2136066668048	506.4997439917459	132.3584696652371	75.55239967107613	

-1.0	-1.0	140.39756341797764	71.22630732720764	
-1.0	-1.0	130.55387203299878	76.5967324008008	
-1.0	-1.0	139.72833109007777	71.56744750320794	
-1.0	-1.0	128.98541446516535	77.52814565479933	
-1.0	-1.0	98.46049617375101	101.56357512512659	
-1.0	-1.0	113.68156656272726	87.96500877283563	

58.04450440935281	168.26873372515814
89.68264416617494	383.478257085976
304.73706043110843	105.13358064493093
211.24072046309536	309.1946458097169
161.44558162018996	278.21532729603643
494.39934701361176	466.21592278470644
401.20309781234096	193.74916724096784
316.24814443771515	506.4997439917459

0.0	0.575467049224415	0.20844710577949466	0.027626631450176853	0.8998344996073852	0.32301708765840664	0.2656029268474991	0.7093886303341621	
0.575467049224415	0.0	0.2340852362627609	0.842650277391208	0.5246986197438528	0.8039719220741488	0.4521663884735786	0.7996425218739661	
0.20844710577949466	0.2340852362627609	0.0	0.6528523758171015	0.922309558875618	0.6148791804827202	0.5868414593375187	0.04931109775850551	
0.027626631450176853	0.842650277391208	0.6528523758171015	0.0	0.7117668963600783	0.4486570688689634	0.25711333891306665	0.7036923324792568	
0.8998344996073852	0.5246986197438528	0.922309558875618	0.7117668963600783	0.0	0.1982767294959138	0.41028081262507465	0.8798818183851621	
0.32301708765840664	0.8039719220741488	0.6148791804827202	0.4486570688689634	0.1982767294959138	0.0	0.359953531018654	0.8822985852483082	
0.2656029268474991	0.4521663884735786	0.5868414593375187	0.25711333891306665	0.41028081262507465	0.359953531018654	0.0	0.5111921592926102	
0.7093886303341621	0.7996425218739661	0.04931109775850551	0.7036923324792568	0.8798818183851621	0.8822985852483082	0.5111921592926102	0.0	

0.5696976549875162	0.13364566945165157	0.570713099324249	0.6985933119114272	0.6755158753023012	0.32181812298433954	
0.20125332288122022	0.03671901865186589	0.9091975297381767	0.6588500104879352	0.5711213916772838	0.7380048967997118	
0.13257145587314512	0.7100893879755183	0.5281350605416467	0.5819249254042932	0.4785977097492714	0.8223882075523058	
0.39159294495468877	0.03000766393384835	0.23834279685260829	0.3505075204079344	0.2598797066160454	0.4311335689282506	
0.9153638170057313	0.028356443306089663	0.2995212976639672	0.7912975503959573	0.5807106604811957	0.4876585104381874	
0.9286847619443032	0.23787250597979814	0.07288871645487482	0.5955849621399918	0.5473744434701641	0.43047970170645433	
0.9045062959460684	0.10808957289937327	0.6120852535596182	0.9488915300037998	0.9609650933453588	0.11712473208304153	
0.4044300694902251	0.12296348458356254	0.2064335812270981	0.9076143324322793	0.8012675048652836	0.8604116012676716	

0.0	0.13400386508775086	0.7181131537537034	0.7753227001638427	0.7551009433728652	0.6764035601256214	
0.13400386508775086	0.0	0.3665934060115521	0.1427857330657546	0.055716658263621266	0.7111523250417229	
0.7181131537537034	0.3665934060115521	0.0	0.056333732026940364	0.30073995001288145	0.20645912634923924	
0.7753227001638427	0.1427857330657546	0.056333732026940364	0.0	0.5757721228591003	0.26819173033765076	
0.7551009433728652	0.055716658263621266	0.30073995001288145	0.5757721228591003	0.0	0.35345479305423533	
0.6764035601256214	0.7111523250417229	0.20645912634923924	0.26819173033765076	0.35345479305423533	0.0	

434.16153458240825	334.2466120444734	91.0125701043618	109.87493253440985	
104.75713882137681	170.47984552991784	136.09496550472673	73.47810378520349	
107.19947208758751	482.0142903936912	116.93680478647008	85.5162753784857	
131.95286352228763	350.96200547281114	91.72481922243125	109.021746619638	
263.5339970903695	513.8905327751049	131.27958976736195	76.17330323564241	
395.37088824878094	524.8550491699675	128.51228915274865	77.81356993893465	
236.98997225465484	433.0956800753769	135.32121299335975	73.89824388058584	
234.89846479599152	327.29115665578297	135.85633233346326	73.60716889850018	

-1.0	-1.0	98.83886012971023	101.1747807175902	
-1.0	-1.0	137.76071235983136	72.5896362518798	
-1.0	-1.0	76.12438485924636	131.36395149188994	
-1.0	-1.0	82.92523740852144	120.59055014502009	
-1.0	-1.0	132.17694087610258	75.65616160971378	
-1.0	-1.0	94.26022732963537	106.0892837127288	

434.16153458240825	305.11824179836196
240.85210432610353	139.68403322839077
142.33094991283383	396.4980150152055
148.603400466659	350.96200547281114
336.2165201607535	437.71722953946255
395.37088824878094	514.3777996774652
333.11811661275834	433.0956800753769
359.49953889892475	327.29115665578297

0.0	0.2263160390486887	0.7346154256085966	0.8708578316157547	0.5098065981375546	0.20114391658879605	0.6369264071763491	0.9869389110236229	
0.2263160390486887	0.0	0.6862906092257086	0.625821961781372	0.3687809223507379	0.7222789291433241	0.674557645248979	0.6588494615142105	
0.7346154256085966	0.6862906092257086	0.0	0.6789417263004697	0.5495575097779651	0.9298774512170687	0.30886882434228635	0.3706617177908942	
0.8708578316157547	0.625821961781372	0.6789417263004697	0.0	0.47521181410138735	0.33897201618113226	0.8510567945318961	0.9108253282148902	
0.5098065981375546	0.3687809223507379	0.5495575097779651	0.47521181410138735	0.0	0.9163606034471632	0.2861061314331158	0.18067615632672562	
0.20114391658879605	0.7222789291433241	0.9298774512170687	0.33897201618113226	0.9163606034471632	0.0	0.8158922926741442	0.5645122692246558	
0.6369264071763491	0.674557645248979	0.30886882434228635	0.8510567945318961	0.2861061314331158	0.8158922926741442	0.0	0.7135497575492903	
0.9869389110236229	0.6588494615142105	0.3706617177908942	0.9108253282148902	0.18067615632672562	0.5645122692246558	0.7135497575492903	0.0	

0.6535254387421002	0.2457219767700909	0.05897798193990178	0.439798592302696	0.13208577480995176	0.6249904591761186	
0.9759081571306992	0.2538215577642565	0.05011843298243612	0.10420891092481654	0.3293874759115789	0.588427920254127	
0.4598387618119758	0.8913929069539216	0.7591037500888284	0.7726141434301683	0.13288160331400245	0.8206489229081461	
0.6070244807993178	0.5525516483855339	7.886613309222579E-4	0.6883165751961715	0.6738922563991258	0.5892914708840737	
0.47541385269354597	0.5708432766147369	0.2924820794749545	0.12712032922830985	0.5554052431292851	0.03665302338303722	
0.8957518721627253	0.5519590188091634	0.8954297735318797	0.06759199701421348	0.6066497520857178	0.6656393038099179	
0.6915649625928688	0.06510328394485898	0.6312253521974683	0.7645908208328375	0.3192892497319304	0.532103596928165	
0.3978240642664622	0.030414660263361815	0.14976073533869994	0.8936055009995927	0.4525271923269232	0.3150159493384387	

0.0	0.44744831986914635	0.09463258745140102	0.13441277875292945	0.899006989492849	0.6210716822416849	
0.44744831986914635	0.0	0.32354977637217786	0.5510861313047605	0.7930517458096299	0.8442650238361525	
0.09463258745140102	0.32354977637217786	0.0	0.45319213148836934	0.4521234023258287	0.7735006795340328	
0.13441277875292945	0.5510861313047605	0.45319213148836934	0.0	0.3653241199604178	0.2867521632523137	
0.899006989492849	0.7930517458096299	0.4521234023258287	0.3653241199604178	0.0	0.7372311704651938	
0.6210716822416849	0.8442650238361525	0.7735006795340328	0.2867521632523137	0.7372311704651938	0.0	

385.3605957732556	264.2768628055876	133.8049893520652	74.73562868188857	
247.45621777308838	328.34428693621965	108.26247380649795	92.36810917394534	
66.56303596297037	166.24152487710018	100.98827195068881	99.02139928568005	
385.18787396623384	371.06017081434504	99.56257663965923	100.43934515869744	
385.22356009197466	503.6459762938128	133.8701592390167	74.6992463207998	
247.92600178745585	186.06770963822783	85.57887063615341	116.85127328351804	
24.844731054678235	527.9897070235927	128.26397646646237	77.96421314455922	
414.48797272737943	180.0014557789475	103.67635951040846	96.45400404897572	

-1.0	-1.0	128.6084876198806	77.7553658010218	
-1.0	-1.0	115.76230509805907	86.38390529222163	
-1.0	-1.0	73.41335726576688	136.2149937347037	
-1.0	-1.0	103.90236806411785	96.2441971854677	
-1.0	-1.0	99.0808958129728	100.92763007387632	
-1.0	-1.0	121.75317775546111	82.1333798784686	

519.1655851253208	206.8966420144091
325.9270711763647	328.34428693621965
167.55130791365917	100.74428851861484
385.18787396623384	303.38656717952347
425.2016601843436	503.6459762938128
254.57943417741063	69.2164363547098
64.50960079950843	450.02549387903355
438.3585381771363	83.54745172997178

0.0	0.512008064267263	0.4545232435132047	0.3722100887579046	0.3739169156448292	0.7431774636632513	0.6605460488492043	0.020293957818364072	
0.512008064267263	0.0	0.9090714021787591	0.9031404176883501	0.07195386270076676	0.9221128892733174	0.21636075323030213	0.1497939521915217	
0.4545232435132047	0.9090714021787591	0.0	0.31493522577277144	0.655034641060919	0.5260621922355739	0.6502005442662772	0.8449195015744849	
0.3722100887579046	0.9031404176883501	0.31493522577277144	0.0	0.9962383508158756	0.4314272242041288	0.9864514288401367	0.2696911010446613	
0.3739169156448292	0.07195386270076676	0.655034641060919	0.9962383508158756	0.0	0.9695716992149136	0.9419006836119922	0.8061978540168679	
0.7431774636632513	0.9221128892733174	0.5260621922355739	0.4314272242041288	0.9695716992149136	0.0	0.8777602816800314	0.19724134373994828	
0.6605460488492043	0.21636075323030213	0.6502005442662772	0.9864514288401367	0.9419006836119922	0.8777602816800314	0.0	0.10188233272918445	
0.020293957818364072	0.1497939521915217	0.8449195015744849	0.2696911010446613	0.8061978540168679	0.19724134373994828	0.10188233272918445	0.0	

0.46130013101000455	0.10305134464430932	0.9854576031683147	0.9200642945504706	0.1377300880796113	0.08501826179068495	
0.7301437837264664	0.7993466676568504	0.606621468134802	0.6965313662672247	0.6069923909275426	0.30129634552871243	
0.48797557147086534	0.29226780486978865	0.3011725500144097	0.6627733130422531	0.030125531133047945	0.7604882717038076	
0.5742226700623301	0.6428032053744897	0.8477923588076649	0.8800260377125482	0.5773842942665018	0.9949174829024705	
0.6463671506485374	0.9697842174451509	0.6990900070866167	0.4597394340585438	0.4005895429083036	0.5042334758984804	
0.8039355127677376	0.0631242119703298	0.8356753034605535	0.756098014998054	0.9284740532510639	0.8459826100827935	
0.34507902137758295	0.07136303335813099	0.1134293613710502	0.14898782229154228	0.6714604080071269	0.08193183497250611	
0.07243057264648689	0.22868497974223267	0.7760555988359227	0.017706355912264216	0.8241307340518889	0.2910935129697553	

0.0	0.29256006966579584	0.24757861841360973	0.9947127865963408	0.14458397083975494	0.7076176771008001	
0.29256006966579584	0.0	0.7717483376223426	0.9404510752102309	0.9614176288832044	0.19600366042160355	
0.24757861841360973	0.7717483376223426	0.0	0.45587684762948777	0.1301582675798021	0.7266936356638346	
0.9947127865963408	0.9404510752102309	0.45587684762948777	0.0	0.8599232407714924	0.2356806267663748	
0.14458397083975494	0.9614176288832044	0.1301582675798021	0.8599232407714924	0.0	0.4502993604046024	
0.7076176771008001	0.19600366042160355	0.7266936356638346	0.2356806267663748	0.4502993604046024	0.0	

43.93820104237424	152.71342820078723	138.1015173740915	72.41050055164744	
351.6572665811375	78.65575742481019	136.5771791896235	73.21867430074843	
182.850820104136	150.7980419537999	119.6237186453319	83.59546178002243	
220.03404115956047	291.3590170119462	110.12295937169621	90.80758505814545	
374.6112977821919	477.3077877110359	112.91903602694356	88.5590273513662	
44.18728613917811	279.3133169581764	129.64222413622917	77.13536285440392	
412.3738980017092	279.0559624153718	99.22826449783558	100.7777375791766	
207.15379200048247	381.18565490471866	138.53362939863015	72.18463880149294	

-1.0	-1.0	112.46660337437861	88.91528418184747	
-1.0	-1.0	132.93584176666536	75.22425755991695	
-1.0	-1.0	83.98797497193418	119.06466376099254	
-1.0	-1.0	98.35415796162151	101.67338328392859	
-1.0	-1.0	125.49468658875993	79.6846485841231	
-1.0	-1.0	138.218906476592	72.34900242604326	

48.57821926283704	80.3029276491398
424.09748237238915	78.65575742481019
241.74730997059254	67.20258017377745
320.01733914356487	200.55143195380077
487.53033380913547	431.6277829848174
63.755507370289195	202.1779541037725
511.60216249954476	208.99238343892824
309.6309358021271	381.18565490471866

0.0	0.43673701433942	0.04615119267350409	0.20493297998930515	0.8388701905215511	0.0489448907770359	0.6575702926988553	0.49763067394324434	
0.43673701433942	0.0	0.3903676588156535	0.27492559648941783	0.32510272332239865	0.6687687376160826	0.6735400891876765	0.540160045994528	
0.04615119267350409	0.3903676588156535	0.0	0.778201677465352	0.22266710107015963	0.9533907634796954	0.7915477297588097	0.08432684967420823	
0.20493297998930515	0.27492559648941783	0.778201677465352	0.0	0.743478489528878	0.753902252440599	0.12242626057410855	0.2771193493366295	
0.8388701905215511	0.32510272332239865	0.22266710107015963	0.743478489528878	0.0	0.5425968593700018	2.191871645050858E-4	0.5900165596252256	
0.0489448907770359	0.6687687376160826	0.9533907634796954	0.753902252440599	0.5425968593700018	0.0	0.3677824125916087	0.4483112792342262	
0.6575702926988553	0.6735400891876765	0.7915477297588097	0.12242626057410855	2.191871645050858E-4	0.3677824125916087	0.0	0.6004842732688331	
0.49763067394324434	0.540160045994528	0.08432684967420823	0.2771193493366295	0.5900165596252256	0.4483112792342262	0.6004842732688331	0.0	

0.33811085983611366	0.2097189162086397	0.41409367201189573	0.8559195635952526	0.3675324131665887	0.7010258170976881	
0.21274427630330728	0.19918290377115544	0.2779978830530744	0.6097421299961359	0.565533947069002	0.48196630069564916	
0.5675504874077272	0.2536146862593256	0.2901678408987979	0.5843214751354959	0.7205009878741072	0.5390545333107272	
0.47686894413782543	0.30046794977965285	0.1793700721123046	0.62496065439807	0.516181318191291	0.872171661992668	
0.7367573318131447	0.6910483387482689	0.6314931782986362	0.600215470608403	0.041381277563483754	0.9719674544610389	
0.7418717849366162	0.7367504065114038	0.6517925559563421	0.3405665735154544	0.7981848813177177	0.6865124468510757	
0.21677039691276245	0.501978604836505	0.9591164446196544	0.5263349868555095	0.913170200847534	0.2947746618634215	
0.10356725146815715	0.9900817582352957	0.229997688638098	0.6862526134668203	0.2120634431186288	0.36007123229035054	

0.0	0.7959972275401508	0.092179329974998	0.15625803238061864	0.7645179129279749	0.6851692849855899	
0.7959972275401508	0.0	0.28528912541188245	0.7085513691138317	0.6374381876736209	0.7589968767788449	
0.092179329974998	0.28528912541188245	0.0	0.6142133658342968	0.5658087207391544	0.5716079925702078	
0.15625803238061864	0.7085513691138317	0.6142133658342968	0.0	0.07202686129677993	0.4121320778064447	
0.7645179129279749	0.6374381876736209	0.5658087207391544	0.07202686129677993	0.0	0.07131217698643666	
0.6851692849855899	0.7589968767788449	0.5716079925702078	0.4121320778064447	0.07131217698643666	0.0	

300.6909363571952	277.64007543686796	124.28761672640735	80.45853853656929	
373.7696277185311	178.7044114449144	127.23533232393041	78.59452101355656	
153.60055661833113	277.4249906381049	126.44016638206868	79.08879184627652	
17.937032879035172	453.6540603902293	82.72622079142664	120.88065796227396	
365.2990179893337	379.58718770193786	113.5206170753323	88.08972552857071	
413.3677495827453	482.49502885220807	101.69415871114924	98.33406487391149	
8.993711626030496	272.7159633068013	83.88559115475114	119.20998424571056	
191.71858338355068	526.9439713201075	118.34651454766555	84.49763001657622	

-1.0	-1.0	104.03618479014847	96.12040291722552	
-1.0	-1.0	119.42473417878165	83.73474782057932	
-1.0	-1.0	111.55998795345677	89.63787271267935	
-1.0	-1.0	94.88369982715822	105.39218030300432	
-1.0	-1.0	113.1894816793355	88.3474316838899	
-1.0	-1.0	129.62096428850504	77.14801424978145	

399.8909046538072	277.64007543686796
383.8420147789436	178.7044114449144
164.9560968837955	277.4249906381049
60.352277719702386	332.7734024279553
365.2990179893337	309.7660083241757
476.84851829314744	384.1609639782966
92.87930278078164	229.0838648262964
304.20906454235467	526.9439713201075

0.0	0.219010698721383	0.9815010960689504	0.266732823799141	0.7146668799963556	0.12021316084945188	0.26215144709903804	0.11691550925051208	
0.219010698721383	0.0	0.2983699111641086	0.4217930211577394	0.8351415706332183	0.09275367274731339	0.6934265699915462	0.5420085880871541	
0.9815010960689504	0.2983699111641086	0.0	0.7801506648951092	0.12567029198715185	0.29560004717011057	0.8140791797193088	0.2782935312265674	
0.266732823799141	0.4217930211577394	0.7801506648951092	0.0	0.9548747019515097	0.05425053526993917	0.4436163771982313	0.5657163012163056	
0.7146668799963556	0.8351415706332183	0.12567029198715185	0.9548747019515097	0.0	0.9595705737962877	0.8239494842202127	0.31996693253632036	
0.12021316084945188	0.09275367274731339	0.29560004717011057	0.05425053526993917	0.9595705737962877	0.0	0.42807627831490835	0.2711865725454041	
0.26215144709903804	0.6934265699915462	0.8140791797193088	0.4436163771982313	0.8239494842202127	0.42807627831490835	0.0	0.24799941660469804	
0.11691550925051208	0.5420085880871541	0.2782935312265674	0.5657163012163056	0.31996693253632036	0.2711865725454041	0.24799941660469804	0.0	

0.12787939242466584	0.9625611872025621	0.17597203111921644	0.9986031151421345	0.22112540431871996	0.0515351912980303	
0.8484969475153684	0.7130309808245321	0.529924900254784	0.11979802985651422	0.734134852394313	0.8397765158603873	
0.12860878639851336	0.5076009613771654	0.7861085403832767	0.8323710190205991	0.31386910141866164	0.9896212369200821	
0.09150193326790346	0.6945240042297153	0.7145565494229209	0.8225019509297358	0.5024867863091248	0.6373836344971539	
0.8285913535752042	0.04995733499574684	0.6796029252352103	0.8583307416854661	0.4463687787646148	0.31608460291829843	
0.5050075214974943	0.2881384808460904	0.7686732979463811	0.5439680393165326	0.5003680113508098	0.7129001665156972	
0.28199798486428496	0.09935750080245531	0.9670801909136129	0.8929483449451152	0.6152986634204366	0.47814754710345275	
0.055751499868450516	0.17305823859429625	0.6695953925630709	0.1315794203948668	0.8673966500555376	0.6065489385160844	

0.0	0.7745338242271926	0.9905512888032615	0.8004666380093689	0.593360761833526	0.40997642868420503	
0.7745338242271926	0.0	0.9777963311811048	0.34656485024752703	0.24920526195041492	0.6661764349346851	
0.9905512888032615	0.9777963311811048	0.0	0.11831269946557943	0.4532145350831476	0.11811098434436007	
0.8004666380093689	0.34656485024752703	0.11831269946557943	0.0	0.44985960056681296	0.0559135399968409	
0.593360761833526	0.24920526195041492	0.4532145350831476	0.44985960056681296	0.0	0.4148015126918746	
0.40997642868420503	0.6661764349346851	0.11811098434436007	0.0559135399968409	0.4148015126918746	0.0	

22.747764114284145	415.75473190632647	89.18622516695291	112.12493836666386	
223.25098461044337	512.4493667477656	76.00484025049151	131.57056796702275	
318.77744265875486	518.5437254048212	137.56988528704892	72.6903273862177	
67.03484467695158	275.70035971781425	118.58098982422577	84.33054922903862	
114.34478200190378	373.5546800585165	121.01633721637474	82.63347106697012	
316.5070150183022	372.6609071177297	136.13940049031166	73.45412102583519	
115.0626898187746	513.3480060881614	104.587357425181	95.61385091074447	
283.827219131355	161.4759214478068	100.5523706546219	99.45066371779619	

-1.0	-1.0	108.51215387891361	92.15557559717031	
-1.0	-1.0	79.23338655070599	126.20942301387593	
-1.0	-1.0	73.39532932260896	136.24845194228953	
-1.0	-1.0	70.7381548682125	141.36642408372578	
-1.0	-1.0	89.00565916905227	112.35240650267609	
-1.0	-1.0	73.0320217339535	136.92623814288953	

111.93398928123705	393.01722359997694
299.25582486093487	482.3160614500271
456.3473279458038	453.5748976754537
67.03484467695158	250.62275067006954
131.5086652389137	373.5546800585165
452.6464155086138	299.9313757673294
149.39510016182334	513.3480060881614
384.37958978597686	67.81294361797649

0.0	0.7098231016110059	0.8245160555740917	0.8967622232343039	0.8270945344159949	0.16581760655157707	0.7707744714601202	0.512935798375627	
0.7098231016110059	0.0	0.36460522649690474	0.41381452960073206	0.1385729097869024	0.8668939982873201	0.2709716440997971	0.5259544438247747	
0.8245160555740917	0.36460522649690474	0.0	0.19001180049027344	0.6233835283585675	0.40062323516485643	0.19144663741124912	0.7627092033791429	
0.8967622232343039	0.41381452960073206	0.19001180049027344	0.0	0.4311587033840172	0.2123790688670676	0.10902120269023219	0.05816734687959324	
0.8270945344159949	0.1385729097869024	0.6233835283585675	0.4311587033840172	0.0	0.8375673343876715	0.25469628285830337	0.10353612778269028	
0.16581760655157707	0.8668939982873201	0.40062323516485643	0.2123790688670676	0.8375673343876715	0.0	0.5122605669462742	0.7381528985666933	
0.7707744714601202	0.2709716440997971	0.19144663741124912	0.10902120269023219	0.25469628285830337	0.5122605669462742	0.0	0.6200984824211392	
0.512935798375627	0.5259544438247747	0.7627092033791429	0.05816734687959324	0.10353612778269028	0.7381528985666933	0.6200984824211392	0.0	

0.7155888910389958	0.7943398902599943	0.29707178163601944	0.3451510023333566	0.6468490305296534	0.5921594926846778	
0.27234840680129957	0.9330081397429254	0.4631485501681243	0.37304640616024076	0.17882123410178186	0.4668626508847613	
0.6210930361111948	0.9395869157463985	0.11293954371827875	0.7521195658602505	0.2593559781885013	0.8032633235801324	
0.17401612915170084	0.6921319975466754	0.5620919082335027	0.11825053951174658	0.9695457541599312	0.3996430577164055	
0.6887302622687774	0.019247231883061544	0.8727716599088332	0.048642080690581624	0.9087298598758301	0.17990043578339776	
0.16180254136507544	0.05907345463156988	0.7878824691145094	0.7492027935925424	0.45571639700812583	0.7507807609789701	
0.8870112677866151	0.8203118880096746	0.05546940255463706	0.30326472410927574	0.4544178799993527	0.23956128696279888	
0.8960614461805356	0.7142786792938242	0.020189718150253166	0.8730036680503354	0.8212924180784786	0.46298038408289355	

0.0	0.4136461926655446	0.8035764996356265	0.7523047416114663	0.7231864414515629	0.43460895973592006	
0.4136461926655446	0.0	0.20776690797866848	0.6717574108586126	0.6487539488788043	0.9725503305905524	
0.8035764996356265	0.20776690797866848	0.0	0.7422312946027102	0.7666539166041716	0.789704908865839	
0.7523047416114663	0.6717574108586126	0.7422312946027102	0.0	0.16064595181664165	0.23660524426448415	
0.7231864414515629	0.6487539488788043	0.7666539166041716	0.16064595181664165	0.0	0.6081483751538913	
0.43460895973592006	0.9725503305905524	0.789704908865839	0.23660524426448415	0.6081483751538913	0.0	

244.5852884734387	280.5273967859075	95.44249466910105	104.77513223716522	
93.14947176579277	433.4371629586614	99.99234722046879	100.00765336522637	
390.34368029770275	479.33376771892296	89.47070422147733	111.76842841480074	
54.76137491781758	79.54273989872053	131.4915320922584	76.05052462985753	
57.0280191729445	260.05743198424926	126.88008371497959	78.81457599337467	
196.6720790564047	143.02851434739716	97.07233967750139	103.01595730794686	
0.9987774067002064	400.7006705493869	87.12462558068249	114.77811162286622	
254.16889328631981	474.8463983177175	118.61640883123071	84.30536802229578	

-1.0	-1.0	139.77398944586145	71.5440693912031	
-1.0	-1.0	138.6580805174815	72.11985022927847	
-1.0	-1.0	122.15827651179937	81.8610108585978	
-1.0	-1.0	135.57500289759466	73.75990991166276	
-1.0	-1.0	137.50522774635172	72.72450774341792	
-1.0	-1.0	101.9597966978421	98.07787308202472	

244.5852884734387	231.27969035319575
93.14947176579277	375.5833807388933
390.34368029770275	448.69625392977696
56.421128876041706	79.54273989872053
141.9380649537013	181.2428559908746
227.89886644994237	143.02851434739716
88.12340298738269	316.46088951445466
372.78530211755054	445.82421108893675

0.0	0.6378802550487706	0.5962870953134152	0.1297400906709112	0.9915657886582278	0.014917480451667409	0.6186263236136731	0.5723357899826992	
0.6378802550487706	0.0	0.001459318504686724	0.5103434511480412	0.5048404191483262	0.40160016159920175	0.9055458804199301	0.8055510568941935	
0.5962870953134152	0.001459318504686724	0.0	0.12846937146719717	0.8915521032330377	0.46723557424861895	0.6012215659090634	0.5402131325041988	
0.1297400906709112	0.5103434511480412	0.12846937146719717	0.0	0.10117053161739153	0.825448910647515	0.8365754298975633	0.5150748457217672	
0.9915657886582278	0.5048404191483262	0.8915521032330377	0.10117053161739153	0.0	0.009708244897853047	0.3426445834784857	0.7444745830202548	
0.014917480451667409	0.40160016159920175	0.46723557424861895	0.825448910647515	0.009708244897853047	0.0	0.9958055523904736	0.5408020834107494	
0.6186263236136731	0.9055458804199301	0.6012215659090634	0.8365754298975633	0.3426445834784857	0.9958055523904736	0.0	0.7272106881256755	
0.5723357899826992	0.8055510568941935	0.5402131325041988	0.5150748457217672	0.7444745830202548	0.5408020834107494	0.7272106881256755	0.0	

0.06761652246792038	0.9823259594248095	0.7120888871712258	0.4570263600948742	0.03438851431717438	0.6705309771887102	
0.2633845241116243	0.630952307459731	0.9357225008621861	0.09998937617118353	0.1470981800127621	0.2351767637252442	
0.940725254241777	0.3235096173069453	0.43165065064512453	0.5168977235226221	0.5243780194666147	0.2035842601772586	
0.6948668658236206	0.9083200929060714	0.6250089500088344	0.5141586881540464	0.1749085793305546	0.6997996911921384	
0.5105870100979157	0.051155371993253596	0.2551046648981211	0.5500663636296493	0.4606791389461312	0.4857931907800511	
0.49743112636783127	0.14813171329326869	0.6882954946546768	0.5199364247612803	0.5849010758394836	0.1198078294570607	
0.14948073402904782	0.884153115797844	0.0848821149329676	0.7063328955772364	0.018391585285020495	0.856858437100066	
0.9033672299039375	0.8334207576335021	0.6417339088696987	0.27686319999122944	0.6644820838144596	0.9361211893941542	

0.0	0.47184366171310355	0.020020541180290508	0.30819811916937556	0.3821045894262697	0.1316938664460674	
0.47184366171310355	0.0	0.328061695060361	0.9184164776141795	0.6626931740234747	0.43904453700893475	
0.020020541180290508	0.328061695060361	0.0	0.7991131672814703	0.6453503146825648	0.9561622799616494	
0.30819811916937556	0.9184164776141795	0.7991131672814703	0.0	0.22219090744687486	0.30710727060075205	
0.3821045894262697	0.6626931740234747	0.6453503146825648	0.22219090744687486	0.0	0.9918412646892626	
0.1316938664460674	0.43904453700893475	0.9561622799616494	0.30710727060075205	0.9918412646892626	0.0	

250.01554133013838	229.72417998542699	121.93486032091414	82.01100139600365	
80.27587147067108	476.0358198160723	129.16026008349746	77.42319497913181	
267.6090054880417	126.2968125187632	104.12152669923569	96.04161902932802	
380.8363039548717	115.14436279036107	137.24368324846657	72.8630984195896	
101.94738839472122	144.27898867618092	95.2827164388333	104.95082816430298	
32.00959818625423	222.47635231108262	137.1500696278729	72.91283210524675	
36.33530764195381	375.51171060357325	110.70496645469056	90.33018409425027	
411.56980654686214	522.5260164015517	82.99393351502552	120.49073440035909	

-1.0	-1.0	106.45593606026492	93.93557907695237	
-1.0	-1.0	126.05665078100985	79.32941211782915	
-1.0	-1.0	105.86650948790576	94.45857852848549	
-1.0	-1.0	133.7814195758196	74.74879569754137	
-1.0	-1.0	139.20861147702138	71.8346364775764	
-1.0	-1.0	110.86764777039573	90.19763836524938	

255.25247345193623	147.71317858942336
80.27587147067108	462.22967560895347
345.64944270737834	126.2968125187632
380.8363039548717	52.756540035717535
157.42415340074166	39.32816051187797
169.15966781412715	204.26015124932172
99.50950022696676	375.51171060357325
494.56374006188764	520.6103594948931

0.0	0.5392350913521381	0.5582997547344388	0.24540140994142912	0.00984648277609268	0.2509747488852879	0.05211411822971623	0.7046639412352549	
0.5392350913521381	0.0	0.22643048496526152	0.11908897942689811	0.20739495848184608	0.7138398516148166	0.6584050526666749	0.4190039822731416	
0.5582997547344388	0.22643048496526152	0.0	0.9519577882955904	0.13312628738691745	0.42764347299813654	0.39406908912028027	0.8882439948463676	
0.24540140994142912	0.11908897942689811	0.9519577882955904	0.0	0.20551059885630696	0.368785814879127	0.22460920862593026	0.11094210206073918	
0.00984648277609268	0.20739495848184608	0.13312628738691745	0.20551059885630696	0.0	0.19955826911031194	0.7340778175850142	0.9886145830719553	
0.2509747488852879	0.7138398516148166	0.42764347299813654	0.368785814879127	0.19955826911031194	0.0	0.9759497546006678	0.9022634318941158	
0.05211411822971623	0.6584050526666749	0.39406908912028027	0.22460920862593026	0.7340778175850142	0.9759497546006678	0.0	0.6187988936780774	
0.7046639412352549	0.4190039822731416	0.8882439948463676	0.11094210206073918	0.9886145830719553	0.9022634318941158	0.6187988936780774	0.0	

0.16291935302031013	0.29983846721465257	0.9225831842160462	0.618978172368581	0.28610222787900186	0.46859472158867965	
0.5762913845547636	0.6117633721789534	0.7427920984051049	0.40559717900871395	0.18470037559431507	0.7594711556498174	
0.11912423699636521	0.9634956296475817	0.8826801925417699	0.2685133793885893	0.2623694304830597	0.7316958129990873	
0.3670882979056561	0.32111171779289316	0.8792324816502223	0.9392558950776396	0.053584081394062566	0.42340238061018254	
0.17218033799727728	0.7068556431549458	0.511539534510092	0.8799110550819251	0.25296607290761897	0.525919980288788	
0.2663100693426754	0.28273468738570207	0.7492730737977344	0.4025501436428327	0.313012148546964	0.16646116831483804	
0.10341092702567611	0.31973497018126007	0.8470872367567192	0.3988040481525126	0.5512529400420368	0.5433855862357141	
0.7843147663863906	0.4521242591862391	0.6651128169923695	0.8260570912371954	0.6165685746259087	0.43245633391428984	

0.0	0.7467909837041069	0.029495621818967477	0.6303516998344885	0.25882662083142793	0.2663326605250095	
0.7467909837041069	0.0	0.4179579520579759	0.0740481812813285	0.7392161679636748	0.38766339347749634	
0.029495621818967477	0.4179579520579759	0.0	0.4365770765486763	0.0014463143221282726	0.2246936470782701	
0.6303516998344885	0.0740481812813285	0.4365770765486763	0.0	0.3465551887837738	0.30778074086092466	
0.25882662083142793	0.7392161679636748	0.0014463143221282726	0.3465551887837738	0.0	0.9905157973065072	
0.2663326605250095	0.38766339347749634	0.2246936470782701	0.30778074086092466	0.9905157973065072	0.0	

284.8036521830829	245.97680422619402	130.36077807644304	76.71018957969122	
9.129442792427614	403.7815157948389	97.26695144207439	102.80984292959282	
177.48921261752167	277.8154354707021	105.8956038822412	94.43262641119902	
432.32201573123797	527.5539281075373	82.30966563329996	121.49241432411199	
180.197838994753	403.76595227659254	84.43218177784365	118.43825173571624	
6.477841387134141	176.28434650524173	97.4651652535207	102.6007597072101	
11.765729757638347	521.1564438653418	97.35732118202934	102.71441200916944	
287.22243839086616	388.8579207796293	116.58699486485243	85.77286009980782	

-1.0	-1.0	91.44015429463914	109.36114529922955	
-1.0	-1.0	85.65496186984569	116.7474689346682	
-1.0	-1.0	96.75532803736763	103.35348143450999	
-1.0	-1.0	135.3330081887629	73.89180314422605	
-1.0	-1.0	91.93835385771	108.76853435375486	
-1.0	-1.0	138.43314884349604	72.2370334240203	

415.16443025952594	177.51578599816423
106.396394234502	358.2468626596594
283.3848164997629	232.7722380804234
491.3490797225676	406.0615137834253
263.66052231281753	285.3277005408763
103.94300664065483	86.11505508931862
109.12305093966768	430.97447817509413
397.0072994421631	303.0850606798215

0.0	0.21677246080248047	0.01553091528918904	0.9375050330039337	0.25742271545306594	0.6169680555055431	0.6122136639703033	0.6943109097405435	
0.21677246080248047	0.0	0.8251106188354264	0.6815235850302723	0.9410221978618918	0.30278669392960733	0.9692636689531708	0.6512419723938907	
0.01553091528918904	0.8251106188354264	0.0	0.4225191725902381	0.6798244445756054	0.9357758968588986	0.2281314290538098	0.9697582152914729	
0.9375050330039337	0.6815235850302723	0.4225191725902381	0.0	0.998868861077923	0.850887888453627	0.8094761760960798	0.6162622873809604	
0.25742271545306594	0.9410221978618918	0.6798244445756054	0.998868861077923	0.0	0.04316313125078386	0.4879092927517613	0.8086368710930139	
0.6169680555055431	0.30278669392960733	0.9357758968588986	0.850887888453627	0.04316313125078386	0.0	0.5223932691058426	0.5289142100935204	
0.6122136639703033	0.9692636689531708	0.2281314290538098	0.8094761760960798	0.4879092927517613	0.5223932691058426	0.0	0.5836142492568913	
0.6943109097405435	0.6512419723938907	0.9697582152914729	0.6162622873809604	0.8086368710930139	0.5289142100935204	0.5836142492568913	0.0	

0.43025435238334986	0.46738647421028323	0.5653945271197254	0.5841098239431555	0.6063457768411828	0.6238293227361701	
0.08270792527287663	0.1467577197751695	7.050596756978944E-4	0.30935573096487035	0.2628365923915831	0.04477119603270341	
0.6454526161384367	0.5804078724132141	0.44596041967781086	0.4917047877603269	0.8497431880005862	0.25675937281645034	
0.2643386039258726	0.528125008295036	0.6423708798914951	0.9011517158767701	0.31065935345541473	0.6109370917425774	
0.2644733012025289	0.3137592263383545	0.8248269401591689	0.3383438715665916	0.12288830034527354	0.6651705416660505	
0.027024195829845277	0.4990665871009715	0.9008487664471763	0.9355194949528921	0.3391466384180829	0.6315266819066598	
0.7150841506950487	0.027593969344226643	0.7572116263833589	0.9320085770488968	0.30703020557902294	0.778196147534036	
0.06410446730287467	0.6603933310641692	0.26073099995002347	0.10472344200032413	0.40503062779532795	0.15787389926293594	

0.0	0.6928840621304984	0.987301385474791	0.21313226210973846	0.3439935174707248	0.9566572311453724	
0.6928840621304984	0.0	0.8917680909511511	0.4830527222446356	0.3935360546035118	0.07843202622761958	
0.987301385474791	0.8917680909511511	0.0	0.37160988407996653	0.8792888284834254	0.19500210129293238	
0.21313226210973846	0.4830527222446356	0.37160988407996653	0.0	0.6434649281533427	0.2817560445123922	
0.3439935174707248	0.3935360546035118	0.8792888284834254	0.6434649281533427	0.0	0.7367180271218716	
0.9566572311453724	0.07843202622761958	0.19500210129293238	0.2817560445123922	0.7367180271218716	0.0	

