10

916	916

24

18

743.9815224314546	901.0238020508083	140.51659140789351	71.16597335450489	
480.19757236590516	828.828683741187	125.47446724500695	79.69748921486601	
176.22299924999143	851.0219002281118	107.30149455390236	93.19534682694052	
609.6624774048088	911.1394720793842	126.35565784750759	79.1416876011085	
32.15016304340317	460.86788094212386	77.08722917318774	129.7231734394492	
481.9700462533756	913.2971111453699	123.04720782728823	81.26962144509788	
301.3267310825379	440.2272620126325	132.80665321433548	75.2974324551428	
749.0884637068734	129.08854171881012	126.55541895253694	79.01676658942891	
499.968563681711	106.26594411114911	99.98223930070961	100.01776385427513	
122.81675374731284	317.4840132175352	100.99627038329463	99.01355725363555	
351.6469827306929	172.1815202749125	78.29045368452698	127.72949356373906	
302.6758514583637	302.9603607872434	123.0014366694572	81.29986340625503	
649.5776457098293	450.39528536624965	81.05711142073474	123.36980463187291	
80.23290941630148	874.3312751067925	93.11369179234552	107.39559142710371	
177.14843845366303	722.4877011172781	80.35112494043045	124.45376474086274	
129.8664735701121	409.14806841355903	131.93237241551296	75.79640854562678	
268.79041683826387	554.6532180435404	136.66400147344223	73.17215866786462	
483.99164578321813	433.5874008861924	109.22309711591528	91.55572643565758	
612.0494787900674	554.0605838311405	107.49343868076463	93.02893388403106	
781.0598241146387	827.1322164456708	131.09547824774424	76.28028162117079	
125.7936720742025	528.4302733603303	140.55083092882685	71.14863664565507	
499.97903963949693	300.4616564450828	111.88059681898896	89.38100335824046	
758.2801844416744	686.5948825657289	116.0944688073971	86.13674796678029	
609.7251064607133	723.0949619195675	139.3039959375733	71.78544974748125	

-1.0	-1.0	124.7729688329812	80.14556432800613	
-1.0	-1.0	111.80851908604586	89.43862311872834	
-1.0	-1.0	131.76365683398794	75.89346137075742	
-1.0	-1.0	101.46415094115723	98.55697709232659	
-1.0	-1.0	140.81136930437566	71.01699279966631	
-1.0	-1.0	114.41050970640458	87.40455772517383	
-1.0	-1.0	124.12096501959009	80.56656664264328	
-1.0	-1.0	108.99535930741654	91.74702541046217	
-1.0	-1.0	138.54236309602777	72.18008828872586	
-1.0	-1.0	124.58293739653392	80.26781362660513	
-1.0	-1.0	72.29149235266472	138.3288638062179	
-1.0	-1.0	136.20250175481098	73.42009046208123	
-1.0	-1.0	128.6982825251849	77.7011146053414	
-1.0	-1.0	92.05910582644425	108.62586498344491	
-1.0	-1.0	107.12000514187272	93.35324421200056	
-1.0	-1.0	114.53123681410953	87.31242478617905	
-1.0	-1.0	86.27903683640639	115.90300919748319	
-1.0	-1.0	77.9325903324142	128.31602231294934	

766.8710849472077	901.0238020508083
480.19757236590516	749.311273256256
283.5244938038938	819.1163969310518
700.0378297257673	831.9977844782757
32.15016304340317	339.1346991758379
605.0172540806639	877.3541459885506
392.6072683862079	440.2272620126325
875.6438826594103	97.50119654180389
499.968563681711	71.56998269784003
129.14975512248682	218.47045596389967
373.1371257345147	44.4520267111734
398.50271470046033	302.9603607872434
730.634757130564	429.44465732936817
80.23290941630148	860.823055990185
252.65328829937448	722.4877011172781
261.79884598562506	364.8897034241054
268.79041683826387	489.4109564244519
523.8640443175292	433.5874008861924
719.542917470832	487.68509590046995
781.0598241146387	791.2128218569351
266.34450300302933	461.12208723694744
535.556240014779	211.0806530868423
874.3746532490715	608.6049580595645
609.7251064607133	686.487036815572

0.0	0.2629845441193065	0.16670918933602952	0.48744405140725244	0.2897240758644184	0.5888060041720684	0.9409890128682084	0.6282230631497049	0.7756124440191305	0.7388073264269654	0.5166188026572776	0.29360263094853023	0.6144254655234989	0.8476940962035557	0.7013803293386657	0.38458678461115225	0.1420158053740309	0.6165779925451788	0.1951495663641758	0.3248593711116482	0.2746226096086608	0.5370851579898516	0.77619767678745	0.9908274447308757	
0.2629845441193065	0.0	0.12151504230805477	0.3121939721726953	0.9010125813117957	0.04624578291711401	0.3728825702486841	0.289794533315586	0.5084804779715205	0.2735414882042958	0.7840483380708531	0.15887803277600576	0.5010875908673267	0.8922086069815831	0.9142500698976957	0.5637064297158462	0.8915827487488779	0.4574673267778909	0.8694563711161045	0.903294290710699	0.3720349238731704	0.5981951655502032	0.03508331227081629	0.45830381467136727	
0.16670918933602952	0.12151504230805477	0.0	0.5155568218302204	0.09402029558681924	0.7935350916757293	0.8671189894139264	0.46931977569013517	0.8282515119248595	0.7837863210090715	0.21490458955431324	0.7974640339063138	0.9046355848730596	0.11711327017165218	0.7257052248553257	0.8857982509003466	0.2023379902826301	0.02491913525217171	0.49021140243046823	0.9053153124575064	0.005292436745775397	0.756376192848537	0.5614131947156656	0.3347918043883321	
0.48744405140725244	0.3121939721726953	0.5155568218302204	0.0	0.6003430771599615	0.7039284213119532	0.7898833542546561	0.3219699979818349	0.07334824863614964	0.16443489370418707	0.7954315518462003	0.8997487623405244	0.7197091211912401	0.06375070819739481	0.36318810245502353	0.41266965796562605	0.5044889982369765	0.9766216796952758	0.29910329029724425	0.4375021775600286	0.12580023234906668	0.9890710930243013	0.19599149907427182	0.9479184134475357	
0.2897240758644184	0.9010125813117957	0.09402029558681924	0.6003430771599615	0.0	0.08391986044290567	0.3097878444129806	0.4399624248822698	0.028550120227436415	0.320129909204112	0.7133239060336609	0.9908814501568868	0.1980241063202277	0.35039998252982474	0.3084999522970304	0.041829999846056065	0.09255075301041737	0.8184422899602617	0.1537582199858223	0.048744377054156796	0.15936155781717842	0.013704074467147831	0.04871862104868563	0.7354618283049765	
0.5888060041720684	0.04624578291711401	0.7935350916757293	0.7039284213119532	0.08391986044290567	0.0	0.6178644235165668	0.13293960152525397	0.1358156086944059	0.006174552612061457	0.3853062693781236	0.9296270883324437	0.3959806617345024	0.5475808242992257	0.9835531644772513	0.035343903330541604	0.5197004607941513	0.8600233476010292	0.19100039673218927	0.31936686226096866	0.025990555850954444	0.08821690237278879	0.9274461339291135	0.14377280257835867	
0.9409890128682084	0.3728825702486841	0.8671189894139264	0.7898833542546561	0.3097878444129806	0.6178644235165668	0.0	0.5670522367263953	0.15023362921440653	0.9392799049250238	0.5987873183632842	0.41631522239262675	0.8584161994324777	0.3798349388558492	0.49746328524942995	0.020669667514894297	0.8317931314285564	0.8659958676095999	0.31121842602169314	0.6976311754668333	0.4154008955786408	0.18886334281514527	0.16020324694143295	0.8614620613829307	
0.6282230631497049	0.289794533315586	0.46931977569013517	0.3219699979818349	0.4399624248822698	0.13293960152525397	0.5670522367263953	0.0	0.1746981697380635	0.20549237399238274	0.6386820722727015	0.9747269319644105	0.3470971045225113	0.15632797566354328	0.2010754236057134	0.8033259877885692	0.3246314353587648	0.18015461801440869	0.10493147419468918	0.7984557421534266	0.8767648844991097	0.21760560090639314	0.30688872482604623	0.47819747664668644	
0.7756124440191305	0.5084804779715205	0.8282515119248595	0.07334824863614964	0.028550120227436415	0.1358156086944059	0.15023362921440653	0.1746981697380635	0.0	0.24264517928444995	0.5204967906201702	0.12276335558046803	0.6725431531387022	0.5826162354728878	0.04501847950658355	0.5812313448666286	0.7580835712375	0.3499383631357945	0.09264885431023762	0.6291993082485859	0.531335904574049	0.14145670205690042	0.5065217850607304	0.9084550024637896	
0.7388073264269654	0.2735414882042958	0.7837863210090715	0.16443489370418707	0.320129909204112	0.006174552612061457	0.9392799049250238	0.20549237399238274	0.24264517928444995	0.0	0.7007694215628884	0.6967397665570016	0.9377779930406486	0.3559216093004104	0.987380821931523	0.4005593252194751	0.2106433711869592	0.5285590733399088	0.3991167306318003	0.45735094335009463	0.4665287030920581	0.21611232203750042	0.4561459249991038	0.170066946037864	
0.5166188026572776	0.7840483380708531	0.21490458955431324	0.7954315518462003	0.7133239060336609	0.3853062693781236	0.5987873183632842	0.6386820722727015	0.5204967906201702	0.7007694215628884	0.0	0.5441489859757891	0.7525997928370122	0.19625847098316818	0.9471013168679717	0.9429538731350913	0.008025667462754238	0.18212364983432872	0.23304599645204072	0.28497067534971376	0.12005079115301875	0.6962159478008717	0.2674791878867866	0.3574112279978843	
0.29360263094853023	0.15887803277600576	0.7974640339063138	0.8997487623405244	0.9908814501568868	0.9296270883324437	0.41631522239262675	0.9747269319644105	0.12276335558046803	0.6967397665570016	0.5441489859757891	0.0	0.2269655883527404	0.2157565468264937	0.0491695941802619	0.9839481207459404	0.4093912890927256	0.8790923724250418	0.7934146386410628	0.144724274267099	0.21267887689865317	0.6846010908313058	0.6974049615879074	0.8990856919260478	
0.6144254655234989	0.5010875908673267	0.9046355848730596	0.7197091211912401	0.1980241063202277	0.3959806617345024	0.8584161994324777	0.3470971045225113	0.6725431531387022	0.9377779930406486	0.7525997928370122	0.2269655883527404	0.0	0.7785231786403861	0.15772895428718747	0.11243058018842489	0.9847952263237034	0.18941720899615633	0.4734386361846129	0.6823560346540822	0.03827405572421383	0.02285432322092351	0.4983966029171961	0.43991091571468666	
0.8476940962035557	0.8922086069815831	0.11711327017165218	0.06375070819739481	0.35039998252982474	0.5475808242992257	0.3798349388558492	0.15632797566354328	0.5826162354728878	0.3559216093004104	0.19625847098316818	0.2157565468264937	0.7785231786403861	0.0	0.9431759749532497	0.5510025155904131	0.8674514150276157	0.9707042318849076	0.48330516058199735	0.740443394753922	0.16962969204779954	0.37554274648291397	0.884970167674828	0.9371053536236015	
0.7013803293386657	0.9142500698976957	0.7257052248553257	0.36318810245502353	0.3084999522970304	0.9835531644772513	0.49746328524942995	0.2010754236057134	0.04501847950658355	0.987380821931523	0.9471013168679717	0.0491695941802619	0.15772895428718747	0.9431759749532497	0.0	0.16707006298789306	0.3144086102225946	0.56874373439873	0.2627615367743711	0.9082768766975523	0.8887452305845032	0.9104500283783045	0.3622585169275201	0.8104767012391317	
0.38458678461115225	0.5637064297158462	0.8857982509003466	0.41266965796562605	0.041829999846056065	0.035343903330541604	0.020669667514894297	0.8033259877885692	0.5812313448666286	0.4005593252194751	0.9429538731350913	0.9839481207459404	0.11243058018842489	0.5510025155904131	0.16707006298789306	0.0	0.25923016756112827	0.7097516146441324	0.3046541273539234	0.25270937218595024	0.9001203559896238	0.22716413347909825	0.41280086356620815	0.2364730365348614	
0.1420158053740309	0.8915827487488779	0.2023379902826301	0.5044889982369765	0.09255075301041737	0.5197004607941513	0.8317931314285564	0.3246314353587648	0.7580835712375	0.2106433711869592	0.008025667462754238	0.4093912890927256	0.9847952263237034	0.8674514150276157	0.3144086102225946	0.25923016756112827	0.0	0.11166608930072097	0.2605105018670676	0.6948184293040043	0.13566280587337431	0.4363610988111236	0.7876413351576045	0.9259375919823735	
0.6165779925451788	0.4574673267778909	0.02491913525217171	0.9766216796952758	0.8184422899602617	0.8600233476010292	0.8659958676095999	0.18015461801440869	0.3499383631357945	0.5285590733399088	0.18212364983432872	0.8790923724250418	0.18941720899615633	0.9707042318849076	0.56874373439873	0.7097516146441324	0.11166608930072097	0.0	0.44925886769764545	0.747225214737716	0.7098035631473222	0.5421283751802048	0.3978304159542949	0.9754109567811091	
0.1951495663641758	0.8694563711161045	0.49021140243046823	0.29910329029724425	0.1537582199858223	0.19100039673218927	0.31121842602169314	0.10493147419468918	0.09264885431023762	0.3991167306318003	0.23304599645204072	0.7934146386410628	0.4734386361846129	0.48330516058199735	0.2627615367743711	0.3046541273539234	0.2605105018670676	0.44925886769764545	0.0	0.5769140231069555	0.3334135746206013	0.5296713032140352	0.05242298564170422	0.6318242884842648	
0.3248593711116482	0.903294290710699	0.9053153124575064	0.4375021775600286	0.048744377054156796	0.31936686226096866	0.6976311754668333	0.7984557421534266	0.6291993082485859	0.45735094335009463	0.28497067534971376	0.144724274267099	0.6823560346540822	0.740443394753922	0.9082768766975523	0.25270937218595024	0.6948184293040043	0.747225214737716	0.5769140231069555	0.0	0.7451153120241996	0.810746758813423	0.5390666165209098	0.060427444848492606	
0.2746226096086608	0.3720349238731704	0.005292436745775397	0.12580023234906668	0.15936155781717842	0.025990555850954444	0.4154008955786408	0.8767648844991097	0.531335904574049	0.4665287030920581	0.12005079115301875	0.21267887689865317	0.03827405572421383	0.16962969204779954	0.8887452305845032	0.9001203559896238	0.13566280587337431	0.7098035631473222	0.3334135746206013	0.7451153120241996	0.0	0.9291675742981943	0.793273988266669	0.45579571204188285	
0.5370851579898516	0.5981951655502032	0.756376192848537	0.9890710930243013	0.013704074467147831	0.08821690237278879	0.18886334281514527	0.21760560090639314	0.14145670205690042	0.21611232203750042	0.6962159478008717	0.6846010908313058	0.02285432322092351	0.37554274648291397	0.9104500283783045	0.22716413347909825	0.4363610988111236	0.5421283751802048	0.5296713032140352	0.810746758813423	0.9291675742981943	0.0	0.15247322352066672	0.08575892827928677	
0.77619767678745	0.03508331227081629	0.5614131947156656	0.19599149907427182	0.04871862104868563	0.9274461339291135	0.16020324694143295	0.30688872482604623	0.5065217850607304	0.4561459249991038	0.2674791878867866	0.6974049615879074	0.4983966029171961	0.884970167674828	0.3622585169275201	0.41280086356620815	0.7876413351576045	0.3978304159542949	0.05242298564170422	0.5390666165209098	0.793273988266669	0.15247322352066672	0.0	0.10809670137119942	
0.9908274447308757	0.45830381467136727	0.3347918043883321	0.9479184134475357	0.7354618283049765	0.14377280257835867	0.8614620613829307	0.47819747664668644	0.9084550024637896	0.170066946037864	0.3574112279978843	0.8990856919260478	0.43991091571468666	0.9371053536236015	0.8104767012391317	0.2364730365348614	0.9259375919823735	0.9754109567811091	0.6318242884842648	0.060427444848492606	0.45579571204188285	0.08575892827928677	0.10809670137119942	0.0	

0.5489420524539251	0.7867100631681575	0.7412891363194022	0.5355457892686033	0.682752633739595	0.06196504920501722	0.6958256484807962	0.9229383220560831	0.00498935798605904	0.18847795713505988	0.8247053505396403	0.4077961974105522	0.18411724002341512	0.8748463309055099	0.3265138353676763	0.10191843212670204	0.793414434052592	0.779945349719908	
0.30962570991389415	0.796825910931367	0.5035463135169295	0.15996405561515226	0.08124329750351023	0.6890470347640858	0.9064001724852737	0.8256651683239014	0.18227426618087605	0.766655440699248	0.5755581421158904	0.7400991106008662	0.2328982367048693	0.6819193179397636	0.6142931748466054	0.8653234603834018	0.37730522700664626	0.41636733529143666	
0.9937308529735844	0.8012490959219869	0.7459708895067533	0.6822713889489	0.44182779079723167	0.35055441730223413	0.8899674417600791	0.7984916776194358	0.5080750287905271	0.39068013645901123	0.584191030645248	0.728825089486069	0.6993426454280031	0.3372363966344455	0.7450194032045749	0.07744288661488974	0.2590396585885537	0.04272507694068528	
0.46279684216710615	0.09869952334697008	0.2447712134170299	0.1903001823311834	0.31067586941224423	0.1975389455118176	0.048932610163238244	0.1143594804596697	0.15872782220144355	0.971920941695068	0.40218762906830474	0.5080807414918033	0.6958677354727196	0.5801345694163732	0.20153684493618862	0.6625868397911504	0.7420215287411283	0.10356180009239746	
0.21268862699054014	0.7232434566625446	0.2190958793232095	0.6193991431271807	0.8107038976772784	0.9456640122227015	0.3416950783382158	0.8980406396840924	0.4433936294872466	0.08731663601526884	0.18716058892021026	0.9962712026677402	0.42870534262946025	0.8801982499568638	0.3093928895872019	0.5301138079015603	0.030343271919666792	0.9958610196792769	
0.47204779426838894	0.08012029894453343	0.4951240888811902	0.03614714226855198	0.8940815987510284	0.007090216588442333	0.881078493872303	0.8613077790848982	0.6242532421404761	0.9376475476057466	0.057066293574331795	0.0017525658072702344	0.7910736895576771	0.31680071170782675	0.21268076305413308	0.9904963012865712	0.5108258146519389	0.7185563666159132	
0.5814754750222485	0.20043992197334592	0.17866106999609044	0.055852857654082655	0.851055194686804	0.17394280063869216	0.7164115393062079	0.4375244001475874	0.9103297111835006	0.49171412283661275	0.10563957934571144	0.18270277738300844	0.16723743878670316	0.9438712658587909	0.19557909679345442	0.4220079589420018	0.6595036918303709	0.13808322454714062	
0.3430060680503132	0.7900750972528211	0.5765058820253575	0.7080378072030503	0.9147085306208853	0.9454102216089758	0.6120762788896376	0.9700412665639911	0.06310883250473376	0.041262213106585954	0.7760801185314492	0.21637966591956936	0.47172407661626115	0.8151445046662864	0.9068653060419123	0.8311413423114675	0.9595331889262191	0.6648343213693872	
0.14718725867063864	0.0675202859805133	0.9319524513041552	0.9351237787335464	0.07297059243193149	0.6351904223359345	0.6710029907307313	0.6522912305251586	0.9972770078147422	0.21216147929055185	0.36838807599020407	0.11220765672441069	0.21110653649766764	0.6175967395058388	0.6225794936063145	0.05318737439473664	0.5681671064881956	0.6603941216256328	
0.8446459869569992	0.626138217716673	0.8725054957386469	0.612901562801811	0.6474389911020646	0.01226125864689176	0.9858999521446445	0.8499586116651674	0.8288842438829992	0.33249584019000944	0.43617323647495376	0.4405260574807698	0.0025101108347355128	0.4431004862924163	0.5780921355226224	0.38248601628161305	0.2769767135479799	0.31820625184873763	
0.03527768176905155	0.7307648420940734	0.6412524250995242	0.9828736606482522	0.2345577788883818	0.08475188695917235	0.8732175566486647	0.37913018578618596	0.3334521894078335	0.7730574095302162	0.856857213833005	0.12266051268741207	0.7369870589375537	0.6019730074039182	0.16683883868043603	0.8392667086470099	0.7017946402710993	0.2185684935708908	
0.6591520858688196	0.6579113798983234	0.2334611518409876	0.9801792881850635	0.5926222127291584	0.4811016179946318	0.597343621137935	0.7191089132093665	0.49849018467538286	0.8535673165141237	0.28358488634889845	0.9446913143388459	0.6138862217888855	0.6066321906069762	0.1938127810915149	0.8344279389670999	0.19990578137376014	0.9683721037965685	
0.15001833498809447	0.8317353221904894	0.47613023550470734	0.4985992393234231	0.5653649361464469	0.7899084675883666	0.22081697377439402	0.032907447685659674	0.26218851750770134	0.38022646150300154	0.3096165168024436	0.8014581699480853	0.9742067553900212	0.9166962803168324	0.5955573016814184	0.025882520740947657	0.027962573268027202	0.8407518286356261	
0.5691713364468941	0.5916198989747816	0.06278571502019104	0.8562947232879139	0.18001684074104518	0.8432091431361951	0.41906356927740496	0.10878456640496381	0.04948674274905984	0.156493152275461	0.0013701759233873956	0.8616558691740109	0.05967480114959667	0.7043939011943876	0.0060103825280403145	0.8391599128345525	0.9642039864204331	0.7518591470784793	
0.8917940700093226	0.7767994762647192	0.2343042158494134	0.890778401367231	0.368362458257255	0.7488450085759815	0.8270599470244481	0.8571102295325478	0.9781474309254916	0.5269912288021982	0.9426303198451151	0.9601588910908944	0.05605135217173007	0.5650331440216549	0.12337779199118881	0.6978832988194026	0.46519396379588496	0.20151104576258183	
0.24022386837011767	0.8323165263785276	0.5275796570954626	0.32559415903473155	0.01018319229370701	0.055619746573205675	0.9952968672548805	0.06104321757508857	0.6939104814458235	0.3899895697353736	0.7408690507156875	0.9889120115924815	0.5332271245863669	0.63358277982263	0.08463422908069684	0.05171915051913745	0.3059773743220954	0.4898187013994576	
0.3225383703612823	0.5601405949692375	0.09919682977272992	0.4988634315305448	0.0694852012487952	0.6578444261370631	0.03145868800130358	0.5277967349442556	0.49139322051990686	0.1909096616707887	0.19139592055049637	0.36990681985125007	0.3633683129625167	0.1753409330509932	0.5017807271804904	0.9537540022027091	0.16190823509523478	0.9595113004470435	
0.5671749471306922	0.7690894758924369	0.07581301572263166	0.7379358306755481	0.8180482676598779	0.37941054208679537	0.9034832244390464	0.2885988767488742	0.4253937936582304	0.3098792787500806	0.2935457370367016	0.6781281543689882	0.5272532629040063	0.17452655942769857	0.6812545154240521	0.2074293374413857	0.28219705806884354	0.63810913797841	
0.5748718125014132	0.05496466505227582	0.14468710435314647	0.695682191553242	0.5542427667462849	0.9156802313459755	0.5433834526333873	0.79689573129516	0.4580344909023977	0.43065584969622717	0.8358378620288219	0.542217966771239	0.7566183516560896	0.35587268169955666	0.011651130433153911	0.03473444513483248	0.03433207659089088	0.22806363845331623	
0.12105341416192583	0.4838670744318122	0.837865821274547	0.7514316099492441	0.8169992374097163	0.32630192270771996	0.8867748582671637	0.251091931098822	0.716252302169199	0.9546109573972063	0.7876283544298479	0.3174143203110076	0.5085678560032617	0.12549724051754652	0.9450626127585952	0.20001120798523708	0.8729627801222997	0.2572890411183397	
0.3210138487314833	0.6009389009727836	0.2961969752990633	0.12025330425999614	0.057664370175222524	0.26374840013101664	0.8309720216951031	0.8734943858181056	0.7501434172557359	0.15834349921648372	0.6799860054955358	0.008649328592789995	0.3317812811847045	0.12117340540629273	0.24686636351539215	0.523285979123115	0.11772417652833767	0.5261079039876538	
0.9561351049128747	0.565855939545519	0.5419741461296602	0.9334134626895384	0.711743899706066	0.8692493587863479	0.5184267847039754	0.6925684410331541	0.3373492934633424	0.5214440397313742	0.15823676710428702	0.15922656979212868	0.7213806269169939	0.009436573415047889	0.7838497869918591	0.5274576811908396	0.6760870305841327	0.016588639852855747	
0.7942962878324483	0.27546517937652537	0.7121315663913503	0.1537167014597478	0.9568513687880702	0.8763000936114844	0.028934224103295936	0.6606989829281174	0.1269218240251655	0.7346616194353536	0.025847935707687286	0.12806843556766356	0.23103022338661539	0.27669486882544436	0.5503847594437903	0.45700627648873626	0.5870227502253809	0.7417661670832922	
0.9170916998840335	0.6013456321813754	0.2811363805990611	0.5035172296988162	0.4543094171563935	0.11664003880059903	0.373317610541799	0.6820693786912394	0.9659287309474682	0.17904737073893862	0.160193770209902	0.40006946264217125	0.031393649788349576	0.5307245159197257	0.5893552800499954	0.28233962746641605	0.5095817938967498	0.7586236533243417	

0.0	0.7022128455555882	0.9608260935290674	0.42002651091084886	0.5546692772073718	0.8372072652433545	0.9562247297224802	0.7908479091448425	0.5145909450121484	0.8125118166317706	0.40451863581703296	0.43168549344470275	0.5908467124991195	0.08282663526091694	0.09419897145599576	0.34178776996022686	0.2610338912263813	0.7314216573585257	
0.7022128455555882	0.0	0.8332929748274428	0.5498471664257755	0.7599335478446317	0.09990513927949096	0.45235913037946784	0.6025507730720655	0.09524150405545428	0.15870514810446223	0.8694734843990127	0.47772472368343555	0.4778502247146097	0.7228169394936029	0.12938267729711417	0.5790289859634391	0.39876302606804526	0.07056079244154889	
0.9608260935290674	0.8332929748274428	0.0	0.16824777582668382	0.338618591947511	0.9680131399563955	0.3081895269395931	0.6333014663198023	0.20423931176803956	0.5394075210562501	0.4074538051709441	0.9037057448120709	0.9182563842846129	0.860360888466601	0.8806502902170275	0.5919594502231449	0.018535459424812717	0.1743491919542829	
0.42002651091084886	0.5498471664257755	0.16824777582668382	0.0	0.49823531199904214	0.18080407384235053	0.03231035212683786	0.8429258931375462	0.7646719207569226	0.47901925369890974	0.45224778479078376	0.5175554099048323	0.11181273897892063	0.8965245259383873	0.14834057501209952	0.9323961203024895	0.24207102419278348	0.6326393677558935	
0.5546692772073718	0.7599335478446317	0.338618591947511	0.49823531199904214	0.0	0.9065902260794928	0.7176745684316271	0.08672931037749543	0.7348716320324528	0.8197152009634562	0.9969652899197109	0.3894051961850903	0.05012282539364843	0.44647923906403864	0.3849831236281692	0.87534882504065	0.825179926571273	0.20624289075065416	
0.8372072652433545	0.09990513927949096	0.9680131399563955	0.18080407384235053	0.9065902260794928	0.0	0.19651990218468918	0.16384140483457255	0.7902045922605588	0.07794194562395673	0.4697499517506708	0.7315051235398796	0.7663303153259691	0.07389957551433157	0.11337227008663919	0.6308584502195241	0.42333710562685534	0.8463989780025909	
0.9562247297224802	0.45235913037946784	0.3081895269395931	0.03231035212683786	0.7176745684316271	0.19651990218468918	0.0	0.01176037790376916	0.3431582141900523	0.8348884475120537	0.36738066829694727	0.522628025506258	0.37094558452360604	0.5636702073993639	0.15765144867958347	0.19764410495271345	0.9968369727472127	0.164557280634668	
0.7908479091448425	0.6025507730720655	0.6333014663198023	0.8429258931375462	0.08672931037749543	0.16384140483457255	0.01176037790376916	0.0	0.49245498553884093	0.9511687670411686	0.13268213153438935	0.3517317007012861	0.6277889198164103	0.5741434823227363	0.09499644992469769	0.581228035063312	0.7681101642896218	0.3826581118983122	
0.5145909450121484	0.09524150405545428	0.20423931176803956	0.7646719207569226	0.7348716320324528	0.7902045922605588	0.3431582141900523	0.49245498553884093	0.0	0.423165627006578	0.2769410551928083	0.17114891877236382	0.1413653512909776	0.22355577611197364	0.45977221167056836	0.32313392475568525	0.9080242617837462	0.49439874734779754	
0.8125118166317706	0.15870514810446223	0.5394075210562501	0.47901925369890974	0.8197152009634562	0.07794194562395673	0.8348884475120537	0.9511687670411686	0.423165627006578	0.0	0.7206515719747526	0.3653854920146523	0.8576205155983594	0.8056421370170325	0.9791887203028302	0.4436259880425383	0.5277896731425996	0.8332348482396683	
0.40451863581703296	0.8694734843990127	0.4074538051709441	0.45224778479078376	0.9969652899197109	0.4697499517506708	0.36738066829694727	0.13268213153438935	0.2769410551928083	0.7206515719747526	0.0	0.4110397297369771	0.6225875578072729	0.25342638537814655	0.9162531052141001	0.29784570127948395	0.5933334046934253	0.48577376113023685	
0.43168549344470275	0.47772472368343555	0.9037057448120709	0.5175554099048323	0.3894051961850903	0.7315051235398796	0.522628025506258	0.3517317007012861	0.17114891877236382	0.3653854920146523	0.4110397297369771	0.0	0.04967954293039267	0.112182560160911	0.07209190016356759	0.12180150180594973	0.5176939886757016	0.6005944988802233	
0.5908467124991195	0.4778502247146097	0.9182563842846129	0.11181273897892063	0.05012282539364843	0.7663303153259691	0.37094558452360604	0.6277889198164103	0.1413653512909776	0.8576205155983594	0.6225875578072729	0.04967954293039267	0.0	0.9053535132299052	0.23850537786106074	0.41629999707892207	0.5852648018389645	0.041321465540296476	
0.08282663526091694	0.7228169394936029	0.860360888466601	0.8965245259383873	0.44647923906403864	0.07389957551433157	0.5636702073993639	0.5741434823227363	0.22355577611197364	0.8056421370170325	0.25342638537814655	0.112182560160911	0.9053535132299052	0.0	0.6790504855944094	0.8275143862593908	0.1338261137598229	0.5160561152540059	
0.09419897145599576	0.12938267729711417	0.8806502902170275	0.14834057501209952	0.3849831236281692	0.11337227008663919	0.15765144867958347	0.09499644992469769	0.45977221167056836	0.9791887203028302	0.9162531052141001	0.07209190016356759	0.23850537786106074	0.6790504855944094	0.0	0.9545431322367364	0.8836440389140915	0.1082278886128295	
0.34178776996022686	0.5790289859634391	0.5919594502231449	0.9323961203024895	0.87534882504065	0.6308584502195241	0.19764410495271345	0.581228035063312	0.32313392475568525	0.4436259880425383	0.29784570127948395	0.12180150180594973	0.41629999707892207	0.8275143862593908	0.9545431322367364	0.0	0.7279815864562655	0.4398838642612949	
0.2610338912263813	0.39876302606804526	0.018535459424812717	0.24207102419278348	0.825179926571273	0.42333710562685534	0.9968369727472127	0.7681101642896218	0.9080242617837462	0.5277896731425996	0.5933334046934253	0.5176939886757016	0.5852648018389645	0.1338261137598229	0.8836440389140915	0.7279815864562655	0.0	0.7488397600289708	
0.7314216573585257	0.07056079244154889	0.1743491919542829	0.6326393677558935	0.20624289075065416	0.8463989780025909	0.164557280634668	0.3826581118983122	0.49439874734779754	0.8332348482396683	0.48577376113023685	0.6005944988802233	0.041321465540296476	0.5160561152540059	0.1082278886128295	0.4398838642612949	0.7488397600289708	0.0	

380.04286102340376	699.7315229535676	97.65261462546047	102.4038121084036	
302.38575009032775	202.79547939741155	135.8985636387849	73.58429502301259	
725.3210858250155	688.0724952839635	118.39995947252675	84.45948836933832	
59.218920803391214	681.7770976732384	125.7256521264746	79.53826312183635	
726.4620116134531	837.7840784199462	113.41336060676619	88.17303311091025	
186.92878948567446	884.1368795585192	115.3134973695783	86.72011714248963	
494.55397707999987	831.1096635819226	77.51627285946648	129.00517054179772	
624.7560760916463	826.8719006922267	93.61455887811059	106.82099151928226	
385.93775205797766	897.8730965171452	104.32708350539318	95.8523871654387	
524.3703553768893	399.87316089555827	75.53983777946745	132.3804802069367	
255.48330711524886	797.2651997417729	104.66433132915245	95.54353305474825	
256.9317549720722	364.20331960090436	122.69527772251234	81.5027292461573	
261.7016321618457	526.0757506862494	85.4273719840688	117.05849972611685	
486.2231105173886	672.5889932225859	136.9342285416992	73.0277601626448	
260.4469240506642	694.6521275291174	119.05585485877478	83.99418921364344	
66.40426211133249	388.1159257826861	96.08882974170368	104.07036933305352	
783.4294337279907	216.57002655868826	125.04937966493583	79.96840949386993	
495.01762586779773	118.20733126079278	101.9560978012356	98.08143127932472	
68.13881644267742	215.7751630702237	116.14226912214426	86.1012969316384	
742.3004031071308	548.7474709731149	93.02957878052342	107.49269351839298	
628.1742460970012	240.24720433028597	122.70081391257224	81.49905188995143	
486.28667353901466	232.44624948241062	136.6117234827836	73.20015987691015	
352.9104131456601	525.9010711834468	118.45728059890084	84.41861867368235	
122.64514844256755	786.3142401354235	128.93324977248113	77.55951252020913	

-1.0	-1.0	117.18445787392639	85.33554859944448	
-1.0	-1.0	114.47821292732772	87.35286605450534	
-1.0	-1.0	83.06001371385251	120.39487537831009	
-1.0	-1.0	127.56220993796087	78.39312289167333	
-1.0	-1.0	133.44070266693907	74.93965334519761	
-1.0	-1.0	109.07536620427314	91.67972886996587	
-1.0	-1.0	83.34353350322394	119.98531355300858	
-1.0	-1.0	105.83255175171614	94.48888677899467	
-1.0	-1.0	87.93664367375041	113.71823601888342	
-1.0	-1.0	126.15576225597032	79.26708872568166	
-1.0	-1.0	89.19898813880572	112.10889505202283	
-1.0	-1.0	82.16583911828242	121.70507971815913	
-1.0	-1.0	96.43458855405109	103.69723301505094	
-1.0	-1.0	135.7967731213209	73.63945232384863	
-1.0	-1.0	83.67789130768114	119.5058795546161	
-1.0	-1.0	122.97930158853279	81.31449659275387	
-1.0	-1.0	71.13721933899475	140.57338890836257	
-1.0	-1.0	81.76677655097748	122.29906108339127	

477.6954756488642	628.433666537904
321.3527857441577	129.21118437439895
843.7210452975423	610.3054251764938
184.9445729298658	636.3857004891188
755.7074482100858	749.611045309036
186.92878948567446	853.4103760961669
572.0702499394663	775.9328289569214
718.3706349697568	761.9513283029634
490.26483556337087	879.3095877032764
524.3703553768893	340.98817850033845
331.6703393196397	701.7216666870247
328.3536698086069	364.20331960090436
347.12900414591445	431.6174344638285
538.0687656493222	599.5612330599411
379.50277890943903	622.7205765392495
158.00606186133166	284.0455564496326
783.4294337279907	207.37129906480857
523.0700876146906	118.20733126079278
68.13881644267742	178.14568874545
835.3299818876542	508.95597189970704
689.8186391340214	240.24720433028597
622.8983970217982	229.51020795100612
471.36769374456094	487.50512217449545
217.66154383312795	708.7547276152143

0.0	0.23680374552981986	0.66506832457468	0.6917065134698777	0.8277873570825969	0.4882437643897789	0.9551717433690223	0.049650382633858015	0.5650999580149807	0.14116728279454782	0.688682805447996	0.5418869952623103	0.19632087684529298	0.01752190811212484	0.30120797655441645	0.15477861089675182	0.9617778282777635	0.34890625072984705	0.7119233602784697	0.7733292293469348	0.46443758745690555	0.45426912270334285	0.3295441087928921	0.5272287918226578	
0.23680374552981986	0.0	0.606150257548803	0.1740191775746427	0.707911282342978	0.2781950245829655	0.17686313401589537	0.7744173261498064	0.09275682854763423	0.3750667083913408	0.36262482577003474	0.03690134848784332	0.43589454238197745	0.39218387988739034	0.9588404150545298	0.4869854052750938	0.7745501909339083	0.7827699650056611	0.7844010901472275	0.051179977948966004	0.9084970870641951	0.4685059099726142	0.42361357837883074	0.7364539695584342	
0.66506832457468	0.606150257548803	0.0	0.8330856076703668	0.6294738333000728	0.9628144501745235	0.25399534809617574	0.47210957500494277	0.28886041412287655	0.987684083397724	0.5543837044980459	0.42813795686994516	0.8773042858621768	0.4404598728835303	0.6942101022087686	0.7741524826444148	0.14022291644773033	0.3435029371569017	0.2638027333693954	0.36693702908335246	0.38794417191459374	0.10965175595976029	0.4269357872216111	0.17013813964124502	
0.6917065134698777	0.1740191775746427	0.8330856076703668	0.0	0.5525306679424876	0.7060003342054549	0.8764320411561244	0.4717435229164446	0.6719794324496665	0.6584474461146361	0.04371672851106434	0.9392665022374505	0.7433225860210082	0.12296869256904908	0.3635361983137384	0.838889193939934	0.40886009242154775	0.3019957756403737	0.08395724997502674	0.7015305920315237	0.6311566367682931	0.43276683565513574	0.7883081376033195	0.02824885584973469	
0.8277873570825969	0.707911282342978	0.6294738333000728	0.5525306679424876	0.0	0.19221881654329775	0.7661052230936604	0.0331771348963682	0.6724021919515417	0.7683624877704192	0.033485090937363515	0.8345571726892418	0.6757872437022573	0.1781344245684663	0.3928688424972865	0.572087161302249	0.12166152952395692	0.27458139853834196	0.5010408642632442	0.5600319221254771	0.42110328368113026	0.9467162648884977	0.0654034420695151	0.13230911111863275	
0.4882437643897789	0.2781950245829655	0.9628144501745235	0.7060003342054549	0.19221881654329775	0.0	0.03242966048656892	0.5264609488937814	0.6021598504810397	0.5117211314505263	0.8531823205291131	0.32207790573119344	0.7563752349347421	0.48459694254484564	0.6021924825384215	0.16836255508664777	0.4643233270319592	0.42892084996270774	0.7794663263254128	0.8664887883793589	0.3318771108970249	0.4750547962104451	0.18240591834262931	0.5255247239089009	
0.9551717433690223	0.17686313401589537	0.25399534809617574	0.8764320411561244	0.7661052230936604	0.03242966048656892	0.0	0.45524396966043523	0.03209290883670324	0.77862316617544	0.8790763737217575	0.7325875367944417	0.2566856939239125	0.03232619055604935	0.22465865119155837	0.3813345601859587	0.5844730843526874	0.44898340257349045	0.8639170695474352	0.9352379815422395	0.27656879137557144	0.2388961942507739	0.2773078807978995	0.5185291103985763	
0.049650382633858015	0.7744173261498064	0.47210957500494277	0.4717435229164446	0.0331771348963682	0.5264609488937814	0.45524396966043523	0.0	0.697055124184938	0.5231546998055998	0.7295593090534483	0.12646844824439496	0.11372576961405223	0.09228353231429398	0.054541846057452936	0.8260842284107335	0.6442736865819652	0.7239647508686075	0.8461203588551466	0.42103861786898267	0.6125742702918271	0.5016116074381626	0.822460945731681	0.9580896057104971	
0.5650999580149807	0.09275682854763423	0.28886041412287655	0.6719794324496665	0.6724021919515417	0.6021598504810397	0.03209290883670324	0.697055124184938	0.0	0.5820668852530465	0.04429840774050786	0.7310423624186738	0.37689293928896406	0.42447455128864353	0.9075123227800949	0.60613711273315	0.7292892531555188	0.4759868056040121	0.28495275333169123	0.40037004233487883	0.8004301208555331	0.3651999006852148	0.9519751690459288	0.7461190987870319	
0.14116728279454782	0.3750667083913408	0.987684083397724	0.6584474461146361	0.7683624877704192	0.5117211314505263	0.77862316617544	0.5231546998055998	0.5820668852530465	0.0	0.40578198208142	0.860613581608549	0.12254776873566287	0.614236407815502	0.8268195554694716	0.7923136938739136	0.9847069019785929	0.7914230057598933	0.6884720003226001	0.9862380195357137	0.8622706144466802	0.5581743031761752	0.17956031355830304	0.8863362873112296	
0.688682805447996	0.36262482577003474	0.5543837044980459	0.04371672851106434	0.033485090937363515	0.8531823205291131	0.8790763737217575	0.7295593090534483	0.04429840774050786	0.40578198208142	0.0	0.22158253621110602	0.5822706502848957	0.8766040850026772	0.7189800027661181	0.5307910322914468	0.6000084768833314	0.770692993688123	0.7164687666138388	0.12883291914139583	0.13599998795246382	0.30480895425953725	0.9404025230006571	0.5859188611768974	
0.5418869952623103	0.03690134848784332	0.42813795686994516	0.9392665022374505	0.8345571726892418	0.32207790573119344	0.7325875367944417	0.12646844824439496	0.7310423624186738	0.860613581608549	0.22158253621110602	0.0	0.4808964859012709	0.9185987264496239	0.3525631346130408	0.8077199466252905	0.5131855257212304	0.2613701153712371	0.9121324653595733	0.5043837406070086	0.07127385685195897	0.6155889639753774	0.6406706371682678	0.1894930326657288	
0.19632087684529298	0.43589454238197745	0.8773042858621768	0.7433225860210082	0.6757872437022573	0.7563752349347421	0.2566856939239125	0.11372576961405223	0.37689293928896406	0.12254776873566287	0.5822706502848957	0.4808964859012709	0.0	0.6992823752176991	0.903669246392222	0.14774074187107222	0.9555915651813132	0.8894457031868469	0.0214241000571882	0.6445517361634718	0.06338351770388129	0.5887078617922795	0.14824535822733775	0.9728032077439316	
0.01752190811212484	0.39218387988739034	0.4404598728835303	0.12296869256904908	0.1781344245684663	0.48459694254484564	0.03232619055604935	0.09228353231429398	0.42447455128864353	0.614236407815502	0.8766040850026772	0.9185987264496239	0.6992823752176991	0.0	0.48169305274419527	0.773741810690708	0.20852534432442493	0.3535939234827319	0.20875092813868668	0.7087072756260024	0.5711366489995083	0.562456161842392	0.9082656442041649	0.07340559661608625	
0.30120797655441645	0.9588404150545298	0.6942101022087686	0.3635361983137384	0.3928688424972865	0.6021924825384215	0.22465865119155837	0.054541846057452936	0.9075123227800949	0.8268195554694716	0.7189800027661181	0.3525631346130408	0.903669246392222	0.48169305274419527	0.0	0.005204660126413185	0.19263862883424254	0.19728079617922178	0.7275356792114911	0.5514337492954656	0.01482860852154455	0.20834485117425627	0.11708548750944103	0.08572962500391035	
0.15477861089675182	0.4869854052750938	0.7741524826444148	0.838889193939934	0.572087161302249	0.16836255508664777	0.3813345601859587	0.8260842284107335	0.60613711273315	0.7923136938739136	0.5307910322914468	0.8077199466252905	0.14774074187107222	0.773741810690708	0.005204660126413185	0.0	0.7612627767689374	0.5235612059570238	0.8542748697474535	0.9876022791506727	0.20039754559836154	0.9048073728497575	0.6382352235530782	0.09785045999992181	
