10

748	748

16

12

86.67214587654982	158.92215224555105	118.64001156096154	84.28859596715091	
629.9820709680189	630.0303780532015	91.28977661785139	109.54129115531799	
618.5258567186236	425.25845154402526	98.8911216434435	101.12131234647597	
625.3206817578165	145.91956850512497	89.60383287820895	111.6023687691147	
400.78870637521766	543.7079347343679	103.40825510352681	96.70407831549362	
259.0289782799281	720.8210079439931	114.56167678322173	87.28922516490752	
406.20072230740305	143.2072036590124	92.26755905121806	108.38045465632145	
270.5193459716194	532.2968139152755	100.1355234075539	99.86466000981258	
636.1388365455698	275.3605474288889	107.57645219288169	92.9571462541846	
554.3229943344711	518.1860797703275	130.4840098423192	76.63774290876177	
414.828424633711	407.6356333813141	127.16525893137607	78.63782989186093	
29.954352201413833	628.5618925437486	136.38548744016768	73.321584192651	
203.1992654156138	626.3479523915197	114.3327385430945	87.46401186070412	
253.9194846040093	257.46765223164164	137.09692964844876	72.94109376222015	
31.188059611376623	723.3330867785502	128.85178143031206	77.608550607493	
582.7298541155141	720.7763340112716	118.02078791762727	84.73083578275643	

-1.0	-1.0	95.57174875564819	104.633431220008	
-1.0	-1.0	108.14312569918023	92.47004777554532	
-1.0	-1.0	109.51169608244567	91.3144472940271	
-1.0	-1.0	120.65099210707432	82.88369474098717	
-1.0	-1.0	139.97982287650333	71.43886736320893	
-1.0	-1.0	85.67441748407748	116.72095700981558	
-1.0	-1.0	73.1554230002206	136.69526591309364	
-1.0	-1.0	116.08484019822338	86.14389254380043	
-1.0	-1.0	111.53510439274682	89.65787098550746	
-1.0	-1.0	140.67459799192503	71.0860392902919	
-1.0	-1.0	117.8144946755312	84.87919952074363	
-1.0	-1.0	104.9149275718487	95.31532100760131	

123.11636336024637	74.63355627840019
664.8865049268977	630.0303780532015
618.5258567186236	325.96068085186005
626.6875950160236	34.31719973601025
413.36007742617807	447.00385641887425
312.5472087099505	720.8210079439931
406.20072230740305	116.38673635298858
312.1476794725639	432.4321539054629
720.0958277589566	182.4034011747043
670.8452925978821	441.5483368615658
541.993683565087	401.2800324402234
29.954352201413833	586.5745354181113
317.5320039587083	546.8064185774228
355.0402199779199	184.5265584694215
160.03984104168867	673.5688538211571
687.2046960041787	636.0454982285153

0.0	0.8138467350203388	0.7427519893973439	0.9699744374855452	0.9523233179564434	0.17718860902239741	0.5013361147629108	0.07648100476083464	0.08602099555937126	0.8428351293995173	0.04029537815686657	0.9908716507389568	0.45689595365798696	0.19064409969281615	0.07804466597014137	0.35951838644452294	
0.8138467350203388	0.0	0.5911752135849321	0.5232515995898129	0.7543614412169964	0.6782159914876121	0.2578465148369061	0.5937685535738472	0.750961794460203	0.8871936875858634	0.8141006459671051	0.46946166538608136	0.8108760705286374	0.29355078343063135	0.7111919117516798	0.05595588620523406	
0.7427519893973439	0.5911752135849321	0.0	0.7818396041165669	0.03568445890424221	0.4895445229139419	0.8274766890610685	0.4815193742309497	0.27542463696696307	0.7213476296329296	0.2365902137068463	0.8548233267102047	0.253925611411855	0.04627122832136532	0.6441012451861193	0.0069240346980474765	
0.9699744374855452	0.5232515995898129	0.7818396041165669	0.0	0.2656815060373684	0.9356421855709046	0.163530102862538	0.13327336829538028	0.6268763742447406	0.9218104037203425	0.8371987231656978	0.8050513282822164	0.6670497317242466	0.4798274775990162	0.5466332054156822	0.9807544980850139	
0.9523233179564434	0.7543614412169964	0.03568445890424221	0.2656815060373684	0.0	0.010470900918709058	0.9205900889041705	0.3534469816285708	0.2586897660997144	0.5042808545192566	0.0744010035737479	0.3703562167781488	0.41994416892193276	0.48572974003312874	0.7896384144179405	0.3840266639133578	
0.17718860902239741	0.6782159914876121	0.4895445229139419	0.9356421855709046	0.010470900918709058	0.0	0.2869478419024004	0.7778958826037753	0.9098565453830854	0.159147346080314	0.9542727923209822	0.45757238701472347	0.28496623792982867	0.5485509248664059	0.7559009309601882	0.9262710130432487	
0.5013361147629108	0.2578465148369061	0.8274766890610685	0.163530102862538	0.9205900889041705	0.2869478419024004	0.0	0.40775899980830754	0.29923191871773036	0.41277314828398937	0.8560829525353878	0.032947527743120264	0.870637011436553	0.029282218659932968	0.9831133267925656	0.6479537206790222	
0.07648100476083464	0.5937685535738472	0.4815193742309497	0.13327336829538028	0.3534469816285708	0.7778958826037753	0.40775899980830754	0.0	0.21431006396332386	0.21456316880970683	0.06491659892388191	0.5632129892097463	0.07467475211018904	0.4994701734325926	0.6388826729666517	0.8117426131637219	
0.08602099555937126	0.750961794460203	0.27542463696696307	0.6268763742447406	0.2586897660997144	0.9098565453830854	0.29923191871773036	0.21431006396332386	0.0	0.4498117400510844	0.511329750274252	0.1949356908821952	0.05655964888896314	0.6261348367080899	0.8277678907649407	0.15705414526083272	
0.8428351293995173	0.8871936875858634	0.7213476296329296	0.9218104037203425	0.5042808545192566	0.159147346080314	0.41277314828398937	0.21456316880970683	0.4498117400510844	0.0	0.21803503923153023	0.1721512042619462	0.22962971578580926	0.107469258745719	0.23034841508713988	0.017881897112108303	
0.04029537815686657	0.8141006459671051	0.2365902137068463	0.8371987231656978	0.0744010035737479	0.9542727923209822	0.8560829525353878	0.06491659892388191	0.511329750274252	0.21803503923153023	0.0	0.9922780033332235	0.772708054372494	0.15932019069035186	0.5743239691276096	0.8039061214849139	
0.9908716507389568	0.46946166538608136	0.8548233267102047	0.8050513282822164	0.3703562167781488	0.45757238701472347	0.032947527743120264	0.5632129892097463	0.1949356908821952	0.1721512042619462	0.9922780033332235	0.0	0.16126120427182278	0.05245010030152275	0.43764578562007594	0.34488463188172713	
0.45689595365798696	0.8108760705286374	0.253925611411855	0.6670497317242466	0.41994416892193276	0.28496623792982867	0.870637011436553	0.07467475211018904	0.05655964888896314	0.22962971578580926	0.772708054372494	0.16126120427182278	0.0	0.2005802444912853	0.8836788052630354	0.5983249346542505	
0.19064409969281615	0.29355078343063135	0.04627122832136532	0.4798274775990162	0.48572974003312874	0.5485509248664059	0.029282218659932968	0.4994701734325926	0.6261348367080899	0.107469258745719	0.15932019069035186	0.05245010030152275	0.2005802444912853	0.0	0.42839539621823763	0.2204375827703925	
0.07804466597014137	0.7111919117516798	0.6441012451861193	0.5466332054156822	0.7896384144179405	0.7559009309601882	0.9831133267925656	0.6388826729666517	0.8277678907649407	0.23034841508713988	0.5743239691276096	0.43764578562007594	0.8836788052630354	0.42839539621823763	0.0	0.5003707735858601	
0.35951838644452294	0.05595588620523406	0.0069240346980474765	0.9807544980850139	0.3840266639133578	0.9262710130432487	0.6479537206790222	0.8117426131637219	0.15705414526083272	0.017881897112108303	0.8039061214849139	0.34488463188172713	0.5983249346542505	0.2204375827703925	0.5003707735858601	0.0	

0.27306868524519756	0.08625352392382901	0.4365559138922178	0.5319157104200288	0.5405843346023516	0.2460188221817946	0.31084890560063105	0.1605951818342658	0.5510929015814823	0.8313225144124546	0.37962027810747423	0.7722010034820022	
0.22005117358458914	0.8171350420764335	0.2114219741261879	0.5033565810767405	0.04521852279168115	0.20037579293840857	0.35120782264353145	0.2560455071062052	0.9105084158392752	0.7017006798234712	0.5218429543430954	0.15762611419405936	
0.9621103453053884	0.06788822518635418	0.4201766036981077	0.5325312889716709	0.12612649560051803	0.01110915610162011	0.8082706103065399	0.4634430276439552	0.5762254036532581	0.9434355391428004	0.9177581201042871	0.8449263398684487	
0.6053226628465391	0.4432654743133503	0.4089404086917131	0.8139521738629204	0.9070562575990188	0.8249094393091878	0.25611230308138355	0.5794350858952666	0.23083259788880695	0.2734052153849682	0.9667391842842415	0.9668557739846554	
0.7384762146860643	0.7536981905282159	0.4844922331930065	0.44423451270220304	0.16102468675485682	0.3066443934470767	0.9747802026432335	0.002166758031029725	0.030967880283519822	0.40386374546165404	0.4462999998802911	0.023327230067670235	
0.8482381426960868	0.7492916506276521	0.8232601414756837	0.19579438687873707	0.02751643094197498	0.2873467617040688	0.6503148693438077	0.5997425555045648	0.8699265652084607	0.205953870583916	0.08587881563168553	0.3284937282974608	
0.6039483996467543	0.4072305304166425	0.21937518359269614	0.3926172357575324	0.7483875482026994	0.25946645803724144	0.034103457831834216	0.19971011604582334	0.6644978083631731	0.441095497741646	0.5297950148735083	0.6026865496100726	
0.18486027888918255	0.34067958000410814	0.6175581937717574	0.3658500376610674	0.6333802799994559	0.7864950954079354	0.4047969759455621	0.9107174779186578	0.3837719252786559	0.8451316830425706	0.3988204119564456	0.37250922975145573	
0.343157047138152	0.05058464374442029	0.9752424264821274	0.32341493016175205	0.3929141652680975	0.7036414108439001	0.18090506179009225	1.8988091275173868E-4	0.8706694822111442	0.8159340956659397	0.5709402003927658	0.511332393045937	
0.6353312885121911	0.8638491545324792	0.3157183046026333	0.2930375646155743	0.12132582059992647	0.7645564221013949	0.2558152955118209	0.033318295930836794	0.058700829168987445	0.3897397995878642	0.9317613946765021	0.39012976493208984	
0.21252117072282473	0.492182191361739	0.8702186280966376	0.09202909353659805	0.5779881085661367	0.1361773876620329	0.5693666247367253	0.4288465205912837	0.9569720281054181	0.5948123589845092	0.6936591222171553	0.7150406959717448	
0.7371561450651744	0.2054834136679251	0.9617460416045187	0.03985517689114504	0.9967466035626732	0.859579887607726	0.09123952705309601	0.5060891347864563	0.7657118109813429	0.6430898265895821	0.9501344312013837	0.20324003172732952	
0.38877227934659764	0.6419517887267534	0.7570769416077484	0.36097198333037617	0.45586967148468927	0.07929789559644884	0.7713078522985698	0.48530818726379765	0.6926012724199253	0.7613027795816495	0.41798955161327933	0.7926416063845175	
0.536114884528822	0.2741743451882688	0.2057588680216127	0.9256030566066676	0.8612157814567366	0.496891618037377	0.11073068479644177	0.7600215561806977	0.4669460975441665	0.7726159731072019	0.324809761955398	0.09365651663181396	
0.4856542108205889	0.5162718376956297	0.3960515775209036	0.1450774207460619	0.8345799807124239	0.1266139088744359	0.8249450741239726	0.08501116377803208	0.19423914462403047	0.8181673873070955	0.12287386211751838	0.2726732405204565	
0.7683982058992019	0.3917488533477901	0.1876444233155875	0.476043760813848	0.2571887758787822	0.02184520219671815	0.6058532349739862	0.11774488114059756	0.057918488709781446	0.8549485540151309	0.15299731610564682	0.5071213537415337	

0.0	0.5850154725411016	0.3296155307620645	0.09432151559169621	0.8950707933176302	0.20053872976022702	0.24538078238817207	0.013620900977248995	0.45813435973131234	0.7822909433066183	0.5429462679930058	0.5709264769606188	
0.5850154725411016	0.0	0.3394812918992991	0.8743442441481587	0.42853850962872864	0.5262366886902039	0.35621533086363566	0.5068888808604017	0.47909615237274994	0.2337926773211112	0.5049421566218679	0.996859016776285	
0.3296155307620645	0.3394812918992991	0.0	0.8540969434840718	0.32227358899144953	0.7982891966421796	0.6179177021912651	0.10929738724516991	0.09707796459683593	0.22484103360976881	0.7954101041242903	0.6187246402267532	
0.09432151559169621	0.8743442441481587	0.8540969434840718	0.0	0.3055169632709779	0.770728024376196	0.8877304166254484	0.7274625786799466	0.28041966552918096	0.967955794606236	0.4175072460552749	0.12153992073308584	
0.8950707933176302	0.42853850962872864	0.32227358899144953	0.3055169632709779	0.0	0.25381709330975755	0.6452915007199254	0.13764831219597107	0.09086793223386402	0.25899910139372995	0.6830992747099529	0.5217817798040938	
0.20053872976022702	0.5262366886902039	0.7982891966421796	0.770728024376196	0.25381709330975755	0.0	0.08909418945820247	0.3630929548245455	0.07235934002116273	0.8968680356588945	0.5057371407186624	0.26249443235374215	
0.24538078238817207	0.35621533086363566	0.6179177021912651	0.8877304166254484	0.6452915007199254	0.08909418945820247	0.0	0.07421413091484341	0.6088559936684377	0.6276059236257243	0.26981773361783234	0.8394834032648174	
0.013620900977248995	0.5068888808604017	0.10929738724516991	0.7274625786799466	0.13764831219597107	0.3630929548245455	0.07421413091484341	0.0	0.5471011568356462	0.10093899878050994	0.8134963587857886	0.5750210158324616	
0.45813435973131234	0.47909615237274994	0.09707796459683593	0.28041966552918096	0.09086793223386402	0.07235934002116273	0.6088559936684377	0.5471011568356462	0.0	0.2930655183488726	0.9740502222428726	0.32443315336212675	
0.7822909433066183	0.2337926773211112	0.22484103360976881	0.967955794606236	0.25899910139372995	0.8968680356588945	0.6276059236257243	0.10093899878050994	0.2930655183488726	0.0	0.77427624605914	0.5386326313448943	
0.5429462679930058	0.5049421566218679	0.7954101041242903	0.4175072460552749	0.6830992747099529	0.5057371407186624	0.26981773361783234	0.8134963587857886	0.9740502222428726	0.77427624605914	0.0	0.21210954853898245	
0.5709264769606188	0.996859016776285	0.6187246402267532	0.12153992073308584	0.5217817798040938	0.26249443235374215	0.8394834032648174	0.5750210158324616	0.32443315336212675	0.5386326313448943	0.21210954853898245	0.0	

498.87340729557286	168.64999627538998	140.7534458472387	71.04621801481942	
168.80249304375872	128.63793565810204	122.90993384876148	81.3603887567365	
383.822835037799	152.45826440192195	97.48269430251933	102.58231034286833	
511.39250002568997	97.5759830193482	102.49054633391923	97.56997457521116	
293.70142595992326	461.8579572363775	128.12829918762512	78.0467708024163	
627.8659368084018	93.28765126989788	117.55266823871041	85.06825195744024	
518.6818953246855	373.67910544896847	87.20409109007588	114.6735190401868	
422.59021362155914	456.79560771970324	139.67069767005327	71.59697894273565	
652.0567761293705	379.5089762124607	72.2785646101382	138.35360530385162	
293.9141089780421	354.76864550571673	118.45366779315373	84.42119341937313	
1.518586224905242	120.98642358294398	97.78543143475585	102.26472239550505	
25.058640490524795	228.2294489966847	134.44201166949702	74.38151122420952	
476.88250718990116	701.5318343131612	140.3593997538433	71.24567373141807	
201.5750664418596	367.6909380032771	84.78661464769758	117.94314517157757	
423.6745365112611	378.9131410596335	94.7756473425639	105.5123365589399	
297.6098006437116	240.11379696052813	119.06605773295395	83.98699167842102	

-1.0	-1.0	94.95016046413849	105.31841074430703	
-1.0	-1.0	99.60882174287386	100.3927144707483	
-1.0	-1.0	95.47205760162286	104.74268860661925	
-1.0	-1.0	137.0588747068986	72.9613461469392	
-1.0	-1.0	110.00118562428084	90.90811106487452	
-1.0	-1.0	135.60388738120562	73.74419858546014	
-1.0	-1.0	89.72602692981577	111.4503822600109	
-1.0	-1.0	95.4019460754373	104.81966470676278	
-1.0	-1.0	117.365083869728	85.20421636727771	
-1.0	-1.0	97.74966690687876	102.30213888632994	
-1.0	-1.0	124.62940025691563	80.23788912877404	
-1.0	-1.0	98.9859419686	101.02444651354803	

516.5517325446331	97.6037782605706
168.80249304375872	106.42104211687581
481.30552934031834	87.80600872222101
557.7472067843298	0.006008444137023616
293.70142595992326	405.8750698137958
660.6306424359259	8.219399312457654
588.4978862069471	373.67910544896847
548.8277791974954	385.1986287769676
652.0567761293705	330.4767048152534
315.7888732740819	270.3474520863436
36.12933236482138	18.721701187438953
25.058640490524795	159.2555015943111
586.2906019611733	701.5318343131612
286.3616810895572	306.88566444479784
518.450183853825	311.3331903215633
416.67585837666553	239.48524409692243

0.0	0.2273073746558376	0.932105281522658	0.8862727083439749	0.2602429947737711	0.031480438895722496	0.24644198646434512	0.870507996015834	0.9194006487453602	0.5471351200388879	0.25451033720116245	0.9327453734981215	0.02273037099056585	0.06392215795127676	0.46632463256404	0.6345750598576095	
0.2273073746558376	0.0	0.7355277408959876	0.1494176615925521	0.2643638893928496	0.9206075567008719	0.1896840032458933	0.9308525186570529	0.07816601824695857	0.8120309824880101	0.29667016423115933	0.08187117130634514	0.7174787455048978	0.5438623332267396	0.7140454023366131	0.3631962505362464	
0.932105281522658	0.7355277408959876	0.0	0.8852525414062544	0.8238182484407848	0.4174001998642326	0.8546779142493508	0.7910713293550431	0.08127580237194365	0.3899996584411468	0.04820852840483436	0.6563550953263264	0.7325167962671866	0.19096138928448603	0.6063497877261036	0.9081243598027028	
0.8862727083439749	0.1494176615925521	0.8852525414062544	0.0	0.3862786906236062	0.3467603063247986	0.22628769184271147	0.3283851109135625	0.2804880653260208	0.3686869087201684	0.5811392418772557	0.6629494976616823	0.49653391073873165	0.989773589594781	0.35162068967499926	0.5746288172742404	
0.2602429947737711	0.2643638893928496	0.8238182484407848	0.3862786906236062	0.0	0.09389953768722159	0.014590508906798694	0.6134304315081925	0.9808816558051436	0.9355149805115098	0.371865795889462	0.30674359437092646	0.5058972078871433	0.7860205291001666	0.6688089324266603	0.831441936534798	
0.031480438895722496	0.9206075567008719	0.4174001998642326	0.3467603063247986	0.09389953768722159	0.0	0.5898439701503783	0.5974240682440201	0.7337333525986571	0.8954133264709186	0.053531130323627774	0.003523085823633143	0.2630365389120459	0.08264191007029964	0.26341586608413403	0.804563817854139	
0.24644198646434512	0.1896840032458933	0.8546779142493508	0.22628769184271147	0.014590508906798694	0.5898439701503783	0.0	0.03760853560238042	0.648926277014454	0.23933062650613568	0.5003987604185353	0.2554109987094717	0.859360786457761	0.5116279652240745	0.26050735799424274	0.25934856382948146	
0.870507996015834	0.9308525186570529	0.7910713293550431	0.3283851109135625	0.6134304315081925	0.5974240682440201	0.03760853560238042	0.0	0.22688969878601606	0.2635279259729937	0.7442651488866393	0.8897897273483673	0.7027053505542649	0.4816329693254874	0.09475891218661947	0.5708717259932229	
0.9194006487453602	0.07816601824695857	0.08127580237194365	0.2804880653260208	0.9808816558051436	0.7337333525986571	0.648926277014454	0.22688969878601606	0.0	0.7396531361540943	0.22290325637750197	0.16150459467675526	0.8893108734404808	0.5013699510119507	0.3575321031322114	0.18257893023269522	
0.5471351200388879	0.8120309824880101	0.3899996584411468	0.3686869087201684	0.9355149805115098	0.8954133264709186	0.23933062650613568	0.2635279259729937	0.7396531361540943	0.0	0.860537456552112	0.2183482698082554	0.7203333150286189	0.6787867762184102	0.1009822567660218	0.05321582258298185	
0.25451033720116245	0.29667016423115933	0.04820852840483436	0.5811392418772557	0.371865795889462	0.053531130323627774	0.5003987604185353	0.7442651488866393	0.22290325637750197	0.860537456552112	0.0	0.42982680957856667	0.8628851629427231	0.8960234169327516	0.0991973117188667	0.5920393279422173	
0.9327453734981215	0.08187117130634514	0.6563550953263264	0.6629494976616823	0.30674359437092646	0.003523085823633143	0.2554109987094717	0.8897897273483673	0.16150459467675526	0.2183482698082554	0.42982680957856667	0.0	0.6556079931982646	0.16015042763423748	0.566368061923823	0.5823099460378839	
0.02273037099056585	0.7174787455048978	0.7325167962671866	0.49653391073873165	0.5058972078871433	0.2630365389120459	0.859360786457761	0.7027053505542649	0.8893108734404808	0.7203333150286189	0.8628851629427231	0.6556079931982646	0.0	0.6296888007783288	0.8319895049258841	0.5930655391295274	
0.06392215795127676	0.5438623332267396	0.19096138928448603	0.989773589594781	0.7860205291001666	0.08264191007029964	0.5116279652240745	0.4816329693254874	0.5013699510119507	0.6787867762184102	0.8960234169327516	0.16015042763423748	0.6296888007783288	0.0	0.47309354176398455	0.37917626127059734	
0.46632463256404	0.7140454023366131	0.6063497877261036	0.35162068967499926	0.6688089324266603	0.26341586608413403	0.26050735799424274	0.09475891218661947	0.3575321031322114	0.1009822567660218	0.0991973117188667	0.566368061923823	0.8319895049258841	0.47309354176398455	0.0	0.7696806514811583	
0.6345750598576095	0.3631962505362464	0.9081243598027028	0.5746288172742404	0.831441936534798	0.804563817854139	0.25934856382948146	0.5708717259932229	0.18257893023269522	0.05321582258298185	0.5920393279422173	0.5823099460378839	0.5930655391295274	0.37917626127059734	0.7696806514811583	0.0	

0.4090633910009198	0.9074558143128735	0.5429117128552144	0.17726864486379157	0.5392864582116279	0.7869216601270397	0.2028169270729866	0.7713681552205186	0.5031017672896596	0.13307146351997445	0.5417636733587822	0.25917906650334954	
0.08497327495339291	0.28387178127358814	0.7064347731654496	0.7988528327618509	0.942105623323485	0.8045544913527376	0.6754476061469803	0.49598268173947113	0.05253055288029962	0.07476604831933698	0.9497179455091582	0.6606159667144118	
0.5909624765045812	0.8818632341157919	0.6230622018188036	0.39995737129261066	0.41983267569575344	0.46386723787327544	0.7924195354005653	0.2974031143952304	0.6534173508848538	0.3489084785537432	0.6157071786421902	0.034993091925954234	
0.4297346454931975	0.8975646209612415	0.5802064673392093	0.0790615967715963	0.10789145318543714	0.6703148018415955	0.7055081949234819	0.9678143320858247	0.5978207287828251	0.614403150249871	0.4724306805595577	0.31475318360880944	
0.42485595990054714	0.5927253726891449	0.24295466285686906	0.3733163075265825	0.4333487648244262	0.9619217799797533	0.8161039462695129	0.8957965855440903	0.741542316883804	0.7476815353293904	0.5508318289303661	0.06354611531326193	
0.6741717481433958	0.46233197401957815	0.17935750872083345	0.46567027298796027	0.9197702628253464	0.7631082485665588	0.03302835557970407	0.45986023223324646	0.08641752597184149	0.9590679827190001	0.9076678313689882	0.7617073524737492	
0.1626745980382528	0.8404367687090141	0.20650058290216822	0.7777895387573214	0.12970802132614012	0.42623975770749245	0.3161298374133731	0.023013474841954373	0.11611228994220035	0.004395805024840049	0.3946748615839618	0.9441430981192129	
0.038699500465714465	0.27302012256981556	0.8810585459957959	0.6091393345167542	0.6305309143111365	0.48250240988549764	0.07056902409441435	0.015881849302210815	0.12172461744154939	0.22499718030408367	0.04420076901964243	0.22403851819456422	
0.6090798970130221	0.9212837353777968	0.08791451196048483	0.12029380858043359	0.32731792584256836	0.11452325511808992	0.49283777731820877	0.389842627280388	0.6177454435497143	0.3962610303082942	0.28856001010804355	0.18600149881907735	
0.37940586611987237	0.1620918188564482	0.029060459573583497	0.06498408221456242	0.18329094150001246	0.42272719564487105	0.22443823274324903	0.9843334023468838	0.03194256841967691	0.5807733643380877	0.3914980093744318	0.55119879379597	
0.9547835518105807	0.4243489072411528	0.9823769427285064	0.25059028326503896	0.24377274007526606	0.5857416833472378	0.6427814626483924	0.08393913199606051	0.15448860267441877	0.366624780350719	0.350035349737421	0.9047378248284484	
0.3245027914242866	0.14092163821730963	0.9860233667265972	0.7507289377854992	0.9939128521188815	0.512230651831988	0.8112473938263283	0.6410567630397302	0.35216161066273366	0.024789951806037824	0.123594970331249	0.6319916715694566	
0.9807779424702749	0.5052835067047912	0.10905293304694441	0.4062818652343213	0.41343199984091594	0.04735982912980574	0.5214816569502256	0.3088829445644571	0.29270529908154574	0.24155484928803872	0.364698080967396	0.5357607932360077	
0.46723432427378664	0.500381091917711	0.19249864418899298	0.13265865337267224	0.6433936996325431	0.23166524674516664	0.9908862268162374	0.5671644308292738	0.8824432906133793	0.1727868554201314	0.861647559805089	0.9001100907464459	
0.317070714235305	0.41429098682779997	0.8875607382475509	0.0012794841597811857	0.9505194133063144	0.5134180040492554	0.6268954029253981	0.8295971261390652	0.296999414017204	0.6264141976647102	0.6585004249563239	0.5294150614692436	
0.9238362858497934	0.7730567857589777	0.47865725366011935	0.9822108215839874	0.6638214217545325	0.1876477215637904	0.8370096795636124	0.49695422704052195	0.3804846577755002	0.20780068488407955	0.29126365101778084	0.5225966882572423	

0.0	0.30566584480496684	0.3589835916897204	0.6225816620645025	0.9663352905915965	0.6758079156978337	0.14969424820436272	0.4639698524076735	0.3027682403880664	0.25977233185396265	0.7716303018121929	0.24271913510973553	
0.30566584480496684	0.0	0.12485868756262375	0.7918532391521927	0.8514918634133025	0.5696369479312179	0.9161309280797568	0.6006994604209839	0.19745867828903474	0.3948732120941614	0.8607062818829503	0.11107042280031587	
0.3589835916897204	0.12485868756262375	0.0	0.9502106541782388	0.19917643931819307	0.6410880793743782	0.5864453325831168	0.21052378281858275	0.5549786810840388	0.3519969158671462	0.8050601982798143	0.4925413022184779	
0.6225816620645025	0.7918532391521927	0.9502106541782388	0.0	0.7907801970954641	0.26727294248777056	0.9964140961061715	0.4171584097674689	0.4156245922142052	0.8128620902671729	0.0560619421619698	0.045562663485820165	
0.9663352905915965	0.8514918634133025	0.19917643931819307	0.7907801970954641	0.0	0.9351826224741772	0.26178924801682124	0.8519764289583056	0.8967603634208533	0.68586920507367	0.5608585440413393	0.4850573131465621	
0.6758079156978337	0.5696369479312179	0.6410880793743782	0.26727294248777056	0.9351826224741772	0.0	0.7572604288131377	0.9006466600697576	0.29630221988216177	0.20569706075152872	0.999468165158127	0.7508073728621377	
0.14969424820436272	0.9161309280797568	0.5864453325831168	0.9964140961061715	0.26178924801682124	0.7572604288131377	0.0	0.12453558192013403	0.9414094534048241	0.0065673421131330345	0.8473568168821791	0.08633354343298305	
0.4639698524076735	0.6006994604209839	0.21052378281858275	0.4171584097674689	0.8519764289583056	0.9006466600697576	0.12453558192013403	0.0	0.096803615446731	0.10542598768898748	0.36649383977883176	0.5148282446213589	
0.3027682403880664	0.19745867828903474	0.5549786810840388	0.4156245922142052	0.8967603634208533	0.29630221988216177	0.9414094534048241	0.096803615446731	0.0	0.47836079904732365	0.5702665692751786	0.64887935131431	
0.25977233185396265	0.3948732120941614	0.3519969158671462	0.8128620902671729	0.68586920507367	0.20569706075152872	0.0065673421131330345	0.10542598768898748	0.47836079904732365	0.0	0.8687660946546446	0.6896672246268102	
0.7716303018121929	0.8607062818829503	0.8050601982798143	0.0560619421619698	0.5608585440413393	0.999468165158127	0.8473568168821791	0.36649383977883176	0.5702665692751786	0.8687660946546446	0.0	0.8590124643055325	
0.24271913510973553	0.11107042280031587	0.4925413022184779	0.045562663485820165	0.4850573131465621	0.7508073728621377	0.08633354343298305	0.5148282446213589	0.64887935131431	0.6896672246268102	0.8590124643055325	0.0	

26.560313316358254	724.3599420912032	135.02165385491793	74.06219457765712	
26.562413173587196	262.883010069953	135.01634190552036	74.06510840737816	
34.80657691344743	178.76904533754316	106.74555625357235	93.68071469172132	
4.180841786973598	81.71297590093582	124.50852619476288	80.31578483514829	
443.54714455130784	598.0336793774223	107.12776747066802	93.34647996597182	
598.488591742418	82.80588192236735	124.40120372126067	80.38507426669666	
216.29789629654982	179.95470934380978	106.4608812229059	93.93121572103257	
291.5872557701804	80.78459609692516	130.39841961177734	76.68804598837959	
173.98127351155003	740.5034130153764	128.87228111791617	77.59620543109773	
431.45226162997005	159.10001168313374	138.71435685285306	72.0905912472197	
184.47326171744373	365.57211502682475	115.71999326642366	86.41549068341949	
179.76838061259372	565.4132002653922	98.51917947158312	101.50307842225179	
342.636674724811	419.0599906481018	75.11939769602338	133.121408141021	
605.0784206630282	200.23598025556055	95.21261897549125	105.02809509498007	
446.510466470021	410.66314148633063	96.65088148024634	103.46517121050589	
174.64632833268917	279.14672070908944	126.76125764696529	78.88845681738472	

-1.0	-1.0	139.1810746305004	71.84884889377467	
-1.0	-1.0	111.27791199890206	89.86509380314996	
-1.0	-1.0	84.21930109611827	118.73762747790016	
-1.0	-1.0	81.11560098783438	123.28084706540962	
-1.0	-1.0	112.0234787744015	89.26700107339553	
-1.0	-1.0	139.3699822152249	71.75146212300794	
-1.0	-1.0	111.53333835366179	89.65929064447919	
-1.0	-1.0	137.42536995752994	72.76676790530314	
-1.0	-1.0	112.26417184668978	89.07561366645275	
-1.0	-1.0	111.21362878063563	89.91703723402996	
-1.0	-1.0	100.61373761830828	99.39000614345869	
-1.0	-1.0	82.59679612949196	121.0700713417794	

26.560313316358254	679.8893668878516
75.43326466491354	188.81790166257485
34.80657691344743	149.5481638705793
6.166450119841528	81.71297590093582
443.54714455130784	516.7968818479856
711.2455931164401	2.4208076556707283
240.43515063519237	179.95470934380978
291.5872557701804	18.479515941632826
302.8535546294662	691.6404362423468
542.521428368253	87.00942043591408
300.1932549838674	356.6168093327011
179.76838061259372	543.2283860524551
413.7003686704377	285.9385825070808
613.7116492203163	200.23598025556055
526.248875084061	410.66314148633063
174.64632833268917	269.241401323136

0.0	0.3094383396544035	0.9501349614207758	0.47657968768527215	0.9907438311123191	0.789457719188849	0.0021703200844266357	0.8156938859770405	0.15414177407135732	0.913135488284329	0.8288419877153106	0.18858250791938136	0.07917887450912053	0.15435655046859542	0.5549359213109184	0.7635774006081744	
0.3094383396544035	0.0	0.3713245559354573	0.8586857296485051	0.7253131864267895	0.4773333807747363	0.08317298140427898	0.34871938553279724	0.5414929908070047	0.03321865434759219	0.9207385055046305	0.8834872405876062	0.6667710742492928	0.7181598638297404	0.17468357767261555	0.4342926525725479	
0.9501349614207758	0.3713245559354573	0.0	0.07367389011819248	0.406898044875842	0.45224156854037934	0.8004161564790125	0.4372707625843143	0.6579974360687496	0.6723200937480343	0.06179810820792353	0.016895465611602933	0.27405352904092395	0.8859120380983388	0.07317544507576212	0.29033163449485455	
0.47657968768527215	0.8586857296485051	0.07367389011819248	0.0	0.8835526783035232	0.9311140887747633	0.2732390504834611	0.7102186384409405	0.3774398041642637	0.49397044661319855	0.432236182497984	0.3277258802545273	0.928038110837731	0.5464995919476836	0.879162181272035	0.29209043238645616	
0.9907438311123191	0.7253131864267895	0.406898044875842	0.8835526783035232	0.0	0.8019788227137936	0.5920514251865612	0.19939086491781954	0.9545454464658497	0.8686011480365213	0.6029935181269966	0.338019535615232	0.1766690787214058	0.373750983701977	0.5915891600359807	0.46877007692929284	
0.789457719188849	0.4773333807747363	0.45224156854037934	0.9311140887747633	0.8019788227137936	0.0	0.5120896574474451	0.19958828136173867	0.967271658283101	0.07975180719446373	0.07812522364066343	0.8194009449349704	0.20787220459868894	0.09221418364231004	0.8768681365294199	0.14753307803490745	
0.0021703200844266357	0.08317298140427898	0.8004161564790125	0.2732390504834611	0.5920514251865612	0.5120896574474451	0.0	0.4918819839024897	0.403630182266157	0.7060586153327392	0.2942208148507657	0.24782054207948323	0.7381351023905228	0.5437155005617997	0.4481802362985451	0.7959411624298871	
0.8156938859770405	0.34871938553279724	0.4372707625843143	0.7102186384409405	0.19939086491781954	0.19958828136173867	0.4918819839024897	0.0	0.39304099539477755	0.6790241924035701	0.5768556772318352	0.7465783486354394	0.17061879796618773	0.054699655119305746	0.02681018594732143	0.9776742664217876	
0.15414177407135732	0.5414929908070047	0.6579974360687496	0.3774398041642637	0.9545454464658497	0.967271658283101	0.403630182266157	0.39304099539477755	0.0	0.516568596682492	0.554073790483227	0.017628901775293526	0.5228005174706769	0.6043511223434673	0.3855118376412563	0.9215308061972799	
0.913135488284329	0.03321865434759219	0.6723200937480343	0.49397044661319855	0.8686011480365213	0.07975180719446373	0.7060586153327392	0.6790241924035701	0.516568596682492	0.0	0.5269015140909175	0.7611674950446256	0.6236477909028597	0.2934967656388022	0.9739048309793459	0.20370911389381308	
0.8288419877153106	0.9207385055046305	0.06179810820792353	0.432236182497984	0.6029935181269966	0.07812522364066343	0.2942208148507657	0.5768556772318352	0.554073790483227	0.5269015140909175	0.0	0.08349750110396237	0.08032378898804671	0.6142895909305144	0.6259025784987116	0.04337025551162754	
0.18858250791938136	0.8834872405876062	0.016895465611602933	0.3277258802545273	0.338019535615232	0.8194009449349704	0.24782054207948323	0.7465783486354394	0.017628901775293526	0.7611674950446256	0.08349750110396237	0.0	0.5144238411908911	0.020673911520653343	0.8491715822625091	0.7114819549946396	
0.07917887450912053	0.6667710742492928	0.27405352904092395	0.928038110837731	0.1766690787214058	0.20787220459868894	0.7381351023905228	0.17061879796618773	0.5228005174706769	0.6236477909028597	0.08032378898804671	0.5144238411908911	0.0	0.29963163308298224	0.19662179095846533	0.5529438554481931	
0.15435655046859542	0.7181598638297404	0.8859120380983388	0.5464995919476836	0.373750983701977	0.09221418364231004	0.5437155005617997	0.054699655119305746	0.6043511223434673	0.2934967656388022	0.6142895909305144	0.020673911520653343	0.29963163308298224	0.0	0.21992840728997687	0.12199405043845524	
0.5549359213109184	0.17468357767261555	0.07317544507576212	0.879162181272035	0.5915891600359807	0.8768681365294199	0.4481802362985451	0.02681018594732143	0.3855118376412563	0.9739048309793459	0.6259025784987116	0.8491715822625091	0.19662179095846533	0.21992840728997687	0.0	0.9308968332193901	
0.7635774006081744	0.4342926525725479	0.29033163449485455	0.29209043238645616	0.46877007692929284	0.14753307803490745	0.7959411624298871	0.9776742664217876	0.9215308061972799	0.20370911389381308	0.04337025551162754	0.7114819549946396	0.5529438554481931	0.12199405043845524	0.9308968332193901	0.0	

0.771159824970687	0.5907835572086587	0.5631938354443051	0.058813941549037296	0.14490090296184166	0.7825608371224247	0.05830912766884244	0.2624256456609503	0.8160754538359276	0.622959531719125	0.3006023966608381	0.6632441253860383	
0.4797463188887787	0.5925715366809965	0.1640483392666453	0.8925431905502453	0.888775268107414	0.7667149929640457	0.3256103468644307	0.5757334021236934	0.24658942575797782	0.9753537933451962	0.3879706166492225	0.8457536603179181	
0.33341183376796646	0.6452192669676441	0.07149431802271655	0.36479138749015794	0.3277789152136703	0.5811227981852893	0.3498476101251128	0.18407335269220793	0.08692482996321527	0.6280181671458349	0.7835728329195618	0.15916531317088733	
0.8576212299558468	0.496192691926843	0.5920565103594185	0.1821632720450994	0.003317980905525597	0.029036731143917915	0.19670880248190636	0.19235466983771232	0.3539389410290684	0.8461613247504005	0.06680569559886618	0.7833734507675398	
0.21144422330929236	0.604203798650487	0.704328405264503	0.2375677488355411	0.8772781400384719	0.0834822129442504	0.5152668889904426	0.9872445927000485	0.8070805498712822	0.9307290013116044	0.13223714233703732	0.8276513251343163	
0.14354590123909294	0.16645481673995044	0.4768954704669266	0.6879985364087344	0.4300735409013101	0.5000642297107017	0.4805145350956601	0.40452481728611034	0.7658592745012823	0.0866646250134262	0.9172200251537976	0.7335488610080876	
0.5273370320675075	0.6065802900992889	0.24676871372883014	0.7926499062246671	0.05138685664776077	0.4519042382365279	0.712382169273813	0.2245625139223687	0.35248299741669453	0.3639900186318087	0.19403219249614545	0.6410672839233995	
0.028964424516825238	0.08160657028341733	0.47870847311121345	0.3231042675747041	0.0028670434800497357	0.4315494375076474	0.6765798187797412	0.7285313423857958	0.6332655505873838	0.8218215318400227	0.4855950228229483	0.09039466832887055	
0.04482972028446097	0.2820678258928675	0.8869505422442182	0.27627437712669944	0.22130884098252546	0.036767427779640816	0.6399864630106238	0.12321315801300925	0.5279147843094274	0.09375825277177152	0.6374538793059743	0.6629314061910568	
0.84708269433556	0.48398834929653844	0.7807303524132067	0.008477426231023988	0.43884589488138004	0.5979595861618926	0.5394426074891913	0.18615682869130912	0.9700691393788458	0.5301486665007632	0.7710884287650286	0.8655302938112921	
0.8960427672865825	0.4647613991826508	0.6936327958373474	0.7654643591861503	0.5234476124864388	0.9144961481351732	0.12768569713550926	0.49566531225831345	0.6354581970392525	0.05856292897230331	0.25475238558254587	0.7308211713091848	
0.5177604789000424	0.5170245980510608	0.17417891544340203	0.9084225062167972	0.5885169711354854	0.6455973822835568	0.4837997178141703	0.09152790303704339	0.6058209279012895	0.8383676021586042	0.9579253989125612	0.2441852277469736	
0.6029383713022646	0.38545278100537184	0.15119314039276954	0.9299153154444584	0.284645038209257	0.14845435744490731	0.41793370971145327	0.36260963137701596	0.6072229348948517	0.6886207830023613	0.40409291948733295	0.8143893392922459	
0.6601888003284385	0.5109591097206396	0.5423772205986368	0.6164179249958773	0.7695851710012594	0.7721043362431844	0.46117689345566015	0.3763553236474366	0.9506717356638803	0.1405751195339685	0.5039520815635311	0.5800865553751376	
0.45211333699135703	0.4951158772808193	0.7481508783791491	0.44555303461698637	0.15426811519554473	0.8001446903633798	0.011360392020183241	0.7529607441534859	0.01093742917692675	0.8068971034194727	0.3372752555211277	0.38833353876927657	
0.5569470971536409	0.194676469100719	0.36520050242412294	0.5063265703253377	0.743186798294026	0.3886913516281727	0.8041888468775991	0.5434090946417407	0.0062431068619519525	0.5692810239448293	0.9565448380880858	0.7939716499887637	

0.0	0.3219004256490876	0.8653114867377844	0.899607775504692	0.1267375174205777	0.9680562747955674	0.19648744473817403	0.3957660787808044	0.9869978271934112	0.8644563306659141	0.40910638797275156	0.41016326877685694	
0.3219004256490876	0.0	0.11494162623449367	0.7137944269850285	0.14111188326795476	0.6674400177506964	0.7844836737166141	0.5880720148469452	0.3060026987940593	0.09565750812404683	0.11696952382055015	0.3905704005853454	
0.8653114867377844	0.11494162623449367	0.0	0.27704813814733764	0.8880920188012033	0.38150541012827544	0.6349246853282743	0.2688651743177657	0.42556807269908525	0.912445975748124	0.41451947795913824	0.7426080575627444	
0.899607775504692	0.7137944269850285	0.27704813814733764	0.0	0.4026089454959919	0.12601833442699362	0.8804649663722025	0.4778155642960408	0.7187378341288577	0.7863435423020184	0.42428386312431854	0.558900123068151	
0.1267375174205777	0.14111188326795476	0.8880920188012033	0.4026089454959919	0.0	0.32681254001451276	0.6231413674207037	0.2191433089938285	0.9423251887194414	0.9630575802686354	0.5495334710115025	0.1105103763035552	
0.9680562747955674	0.6674400177506964	0.38150541012827544	0.12601833442699362	0.32681254001451276	0.0	8.854486638244508E-4	0.029442184525713233	0.29872074367901524	0.4941482834074715	0.6798773272493073	0.07071748492091112	
0.19648744473817403	0.7844836737166141	0.6349246853282743	0.8804649663722025	0.6231413674207037	8.854486638244508E-4	0.0	0.11922292219346375	0.4614432465751668	0.6418084731074227	0.7421464396842578	0.9320471924872268	
0.3957660787808044	0.5880720148469452	0.2688651743177657	0.4778155642960408	0.2191433089938285	0.029442184525713233	0.11922292219346375	0.0	0.6161596410122603	0.5099971860401371	0.4837418097398515	0.9419707637251914	
0.9869978271934112	0.3060026987940593	0.42556807269908525	0.7187378341288577	0.9423251887194414	0.29872074367901524	0.4614432465751668	0.6161596410122603	0.0	0.2834880827748517	0.34925706539429824	0.6141239918316428	
