10

692	692

12

12

363.55319456740506	207.20351092919128	88.16407535576914	113.4248837709342	
202.22787922198134	199.32435980767173	106.42777776224267	93.96043223170346	
549.231247610986	618.1623882225712	136.60440025409088	73.20408406610262	
313.2751357283027	688.4650870472024	129.59990850185932	77.16054830282951	
35.02609712563363	686.8417778016209	140.10223551832394	71.37644851278695	
442.8970275484718	319.3417105195596	127.18636392240504	78.62478092463503	
37.317911260409524	198.90230447143642	131.29741594939748	76.1629612257871	
568.8697189077337	518.2299362965872	74.40188931173377	134.40518906853782	
465.4878759458163	506.5716179185428	82.58260899849857	121.09087035724204	
193.64761453994103	312.2077729998034	140.90782128359768	70.96838137801826	
186.78685438497197	614.5429241979677	104.17267623509221	95.99446190124222	
56.68235288895477	511.8953947423653	115.96575968263278	86.2323501986045	

-1.0	-1.0	91.34302844586733	109.4774299707646	
-1.0	-1.0	86.15433198714577	116.07077403248859	
-1.0	-1.0	135.4240122784996	73.84214831439931	
-1.0	-1.0	111.89526024447711	89.36929033590211	
-1.0	-1.0	101.798730576482	98.23305205644917	
-1.0	-1.0	87.96979000481033	113.67538787410068	
-1.0	-1.0	108.80092642248626	91.91098209190676	
-1.0	-1.0	76.2521893798766	131.14377542894604	
-1.0	-1.0	77.22472947674146	129.49219851928132	
-1.0	-1.0	74.23757047338916	134.70268404843006	
-1.0	-1.0	90.7946493922381	110.13864877432839	
-1.0	-1.0	106.24500181591591	94.12207472429034	

401.3620515248744	207.20351092919128
278.32807150382155	199.32435980767173
554.6756401472215	544.9583041564686
313.2751357283027	649.4149719169748
63.50047991744758	615.4653292888339
488.8077415861213	240.71692959492458
101.03762218723244	122.73934324564937
643.2716082194675	411.6947913268866
465.4878759458163	394.4895381887178
193.64761453994103	258.2702733452567
290.9595306200642	605.5524172803521
172.64811257158755	499.3850277906806

0.0	0.08501116377803208	0.19423914462403047	0.8181673873070955	0.12287386211751838	0.2726732405204565	0.7683982058992019	0.3917488533477901	0.1876444233155875	0.476043760813848	0.2571887758787822	0.02184520219671815	
0.08501116377803208	0.0	0.057918488709781446	0.8549485540151309	0.15299731610564682	0.5071213537415337	0.697392828918911	0.5850154725411016	0.3296155307620645	0.09432151559169621	0.8950707933176302	0.20053872976022702	
0.19423914462403047	0.057918488709781446	0.0	0.7822909433066183	0.5429462679930058	0.5709264769606188	0.417560012056822	0.5716186327606396	0.3394812918992991	0.8743442441481587	0.42853850962872864	0.5262366886902039	
0.8181673873070955	0.8549485540151309	0.7822909433066183	0.0	0.5049421566218679	0.996859016776285	0.3775296490536866	0.36304128608946695	0.20531741299949402	0.8540969434840718	0.32227358899144953	0.7982891966421796	
0.12287386211751838	0.15299731610564682	0.5429462679930058	0.5049421566218679	0.0	0.6187246402267532	0.079880510759468	0.21149770517341548	0.47781540574100023	0.8781432993743333	0.3055169632709779	0.770728024376196	
0.2726732405204565	0.5071213537415337	0.5709264769606188	0.996859016776285	0.6187246402267532	0.0	0.11171298437716881	0.3984737291086614	0.5427713126700273	0.0927847234863799	0.7836219274222628	0.25381709330975755	
0.7683982058992019	0.697392828918911	0.417560012056822	0.3775296490536866	0.079880510759468	0.11171298437716881	0.0	0.9778313651105739	0.8068865118104814	0.4175884700778508	0.27273668518393923	0.8556224622306361	
0.3917488533477901	0.5850154725411016	0.5716186327606396	0.36304128608946695	0.21149770517341548	0.3984737291086614	0.9778313651105739	0.0	0.1908929085498443	0.03646686684049094	0.9386406123596014	0.2930145277557311	
0.1876444233155875	0.3296155307620645	0.3394812918992991	0.20531741299949402	0.47781540574100023	0.5427713126700273	0.8068865118104814	0.1908929085498443	0.0	0.3391856590141147	0.5287660369374347	0.542335723717787	
0.476043760813848	0.09432151559169621	0.8743442441481587	0.8540969434840718	0.8781432993743333	0.0927847234863799	0.4175884700778508	0.03646686684049094	0.3391856590141147	0.0	0.4131955354767841	0.4095369631573289	
0.2571887758787822	0.8950707933176302	0.42853850962872864	0.32227358899144953	0.3055169632709779	0.7836219274222628	0.27273668518393923	0.9386406123596014	0.5287660369374347	0.4131955354767841	0.0	0.37790685350416575	
0.02184520219671815	0.20053872976022702	0.5262366886902039	0.7982891966421796	0.770728024376196	0.25381709330975755	0.8556224622306361	0.2930145277557311	0.542335723717787	0.4095369631573289	0.37790685350416575	0.0	

0.7562612159047388	0.14019840968954211	0.0012119450604607396	0.18185099576453057	0.6771385524153409	0.21210954853898245	0.8798517526839973	0.9062864423958453	0.9800431273899333	0.7491914989731966	0.7889247056574277	0.02489214183295274	
0.12639149768506897	0.9993257599725724	0.5590843760465514	0.8558373145228074	0.40326400296770226	0.8210845838332745	0.27559727734751616	0.4463290423992464	0.46618743859026324	0.6371107930947538	0.9729567208358162	0.15600705408240012	
0.02344772762274694	0.5650460082564706	0.49600530079339533	0.9859561680126476	0.5920170103767177	0.40047613516041725	0.9874355011914374	0.2052471313109031	0.16631188773839378	0.29530874898716986	0.7007955438206159	0.4489864174734509	
0.45838286772841164	0.30019171256522903	0.48363543808197307	0.7401760795967925	0.09176773379674763	0.4210280215854294	0.32718620097672213	0.8222547608896567	0.761124070180905	0.4773372415478049	0.8369728260179886	0.7800119159804082	
0.905889438273545	0.844158990847509	0.3430192686689877	0.17363690018974998	0.8886003572577225	0.10938917836403639	0.6388120050310132	0.8139852534989509	0.017133689703996424	0.7848857183005139	0.014946060140128226	0.8667148257925582	
0.005017564784919104	0.47237443331010276	0.3363854017090072	0.1887647326206644	0.625091114656035	0.3041327067254226	0.4015274200049548	0.6727199746686872	0.3791753779596633	0.053622419027341106	0.7167690585018152	0.9029259109990203	
0.9800507399506125	0.04269006266135189	0.12202973986022514	0.6117855928229988	0.3219186353751272	0.8596463813986672	0.4106944715494466	0.26549488861346937	0.4016585323800451	0.9464838529121704	0.20169786530407863	0.605539357609923	
0.34557358074319633	0.3136853823040462	0.8419780080461484	0.1255978149781617	0.29495159334249854	0.9975225940519258	0.04428650996737393	0.27306769154770927	0.40865028396786773	0.3874382178208321	0.2983494460994266	0.6302476076392607	
0.6520490679953561	0.2200513093891644	0.832631080628799	0.4522827559881857	0.35909220362775696	0.8615204250696359	0.049460557919695836	0.7172992149067687	0.7777808471566608	0.4814443680580939	0.9080393576527198	0.2787236233633579	
0.939354611709482	0.8591757879514137	0.6878551228375203	0.8006045359746546	0.22753579956020764	0.8573683693333105	0.929285240295442	0.9038228324322519	0.96659269618815	0.04777330871191976	0.11868164116141222	0.3543982196164879	
0.19561030721967398	0.5807462197808178	0.8619857105462072	0.1846693707639172	0.551240935636848	0.15262124184372827	0.8739300683179275	0.3539458345899822	0.8423385360335597	0.8440537781007672	0.09914245601659832	0.9272996241561193	
0.46726467322007126	0.6776292690206802	0.6769734752085748	0.7794853423650117	0.29828583278451304	0.9744802972310338	0.2636292235882879	0.5155473297750612	0.03736546190124723	0.9773498527814142	0.4331964087106931	0.6404933578579187	

0.0	0.7514837628955752	0.49340624747525696	0.00748393115462842	0.14642110076870973	0.07493055546199257	0.07249076139926836	0.2273073746558376	0.932105281522658	0.8862727083439749	0.2602429947737711	0.031480438895722496	
0.7514837628955752	0.0	0.9194006487453602	0.5471351200388879	0.25451033720116245	0.9327453734981215	0.02273037099056585	0.06392215795127676	0.46632463256404	0.6345750598576095	0.5166973934407536	0.1514824770542822	
0.49340624747525696	0.9194006487453602	0.0	0.9206075567008719	0.1896840032458933	0.9308525186570529	0.07816601824695857	0.8120309824880101	0.29667016423115933	0.08187117130634514	0.7174787455048978	0.5438623332267396	
0.00748393115462842	0.5471351200388879	0.9206075567008719	0.0	0.9169139937543956	0.8852525414062544	0.8238182484407848	0.4174001998642326	0.8546779142493508	0.7910713293550431	0.08127580237194365	0.3899996584411468	
0.14642110076870973	0.25451033720116245	0.1896840032458933	0.9169139937543956	0.0	0.9081243598027028	0.4552182588052711	0.8034805032189184	0.6142982405108741	0.29481453679375214	0.3862786906236062	0.3467603063247986	
0.07493055546199257	0.9327453734981215	0.9308525186570529	0.8852525414062544	0.9081243598027028	0.0	0.49653391073873165	0.989773589594781	0.35162068967499926	0.5746288172742404	0.7448226320280965	0.2842697914432676	
0.07249076139926836	0.02273037099056585	0.07816601824695857	0.8238182484407848	0.4552182588052711	0.49653391073873165	0.0	0.9355149805115098	0.371865795889462	0.30674359437092646	0.5058972078871433	0.7860205291001666	
0.2273073746558376	0.06392215795127676	0.8120309824880101	0.4174001998642326	0.8034805032189184	0.989773589594781	0.9355149805115098	0.0	0.5898439701503783	0.5974240682440201	0.7337333525986571	0.8954133264709186	
0.932105281522658	0.46632463256404	0.29667016423115933	0.8546779142493508	0.6142982405108741	0.35162068967499926	0.371865795889462	0.5898439701503783	0.0	0.5683927364066865	0.16868712644083417	0.18365371222987614	
0.8862727083439749	0.6345750598576095	0.08187117130634514	0.7910713293550431	0.29481453679375214	0.5746288172742404	0.30674359437092646	0.5974240682440201	0.5683927364066865	0.0	0.25339783441075736	0.7734940563823297	
0.2602429947737711	0.5166973934407536	0.7174787455048978	0.08127580237194365	0.3862786906236062	0.7448226320280965	0.5058972078871433	0.7337333525986571	0.16868712644083417	0.25339783441075736	0.0	0.4816329693254874	
0.031480438895722496	0.1514824770542822	0.5438623332267396	0.3899996584411468	0.3467603063247986	0.2842697914432676	0.7860205291001666	0.8954133264709186	0.18365371222987614	0.7734940563823297	0.4816329693254874	0.0	

478.69521328009534	163.432569358593	72.86348152702249	137.24296163766692	
562.3144222549063	390.2549507570778	91.18180129466646	109.67100735028949	
235.23640451924132	378.83973787536166	123.2144538732212	81.15930952621257	
420.60606636603364	389.949307323726	113.58899453040273	88.03669793312102	
422.24890659766953	297.6517037246818	127.59633690255073	78.37215583733654	
319.5225702809463	600.0698429411883	90.35958996700745	110.66893955197506	
534.7802260752634	485.8343201070786	106.99253312114122	93.464466241561	
479.0387704766862	593.5463954783562	136.08675764017235	73.48253550460103	
277.07844557083325	480.50590188028224	132.12535021773365	75.68570288381962	
266.2266444229752	691.0270974907987	127.10638720167037	78.67425249160559	
267.6191097053497	161.17507417762567	125.71695810967347	79.5437636287394	
566.8792375252666	260.2427161711203	121.62577427585376	82.21941491874465	

-1.0	-1.0	117.812670624495	84.88051367473926	
-1.0	-1.0	72.38241179626614	138.15510911886818	
-1.0	-1.0	111.03573996372093	90.06109207060116	
-1.0	-1.0	131.36218174645734	76.12541042673179	
-1.0	-1.0	88.83956175781516	112.56246431360076	
-1.0	-1.0	134.36545364673484	74.4238919201015	
-1.0	-1.0	131.98835444610867	75.76425997554986	
-1.0	-1.0	128.15273338365375	78.03189004219499	
-1.0	-1.0	139.22952461334822	71.82384647057309	
-1.0	-1.0	136.36704108512137	73.33150239549396	
-1.0	-1.0	123.12196494304767	81.22027620843839	
-1.0	-1.0	106.08720747614524	94.26207209996171	

519.7455121730252	163.432569358593
600.9346981926893	390.2549507570778
238.28303151401758	297.6804283491491
420.60606636603364	334.51358457773506
422.24890659766953	295.0041272991372
399.66854705552106	489.4009033892132
564.4599059997812	485.8343201070786
590.2095336857999	593.5463954783562
409.20379578856694	414.50039942547045
348.1231303708216	612.3528449991932
393.33606781502317	120.00165587898971
623.5474778143354	178.02330125237563

0.0	0.33874159340973253	0.18110637319140066	0.6522881807531972	0.916558851140438	0.5296739779061218	0.10568206928751	0.5626382924208272	0.05391567010841358	0.8724525205502213	0.7528010619945257	0.9729457116215382	
0.33874159340973253	0.0	0.420176284802802	0.5444031814041141	0.4090633910009198	0.9074558143128735	0.5429117128552144	0.17726864486379157	0.5392864582116279	0.7869216601270397	0.2028169270729866	0.7713681552205186	
0.18110637319140066	0.420176284802802	0.0	0.25917906650334954	0.08497327495339291	0.28387178127358814	0.7064347731654496	0.7988528327618509	0.942105623323485	0.8045544913527376	0.6754476061469803	0.49598268173947113	
0.6522881807531972	0.5444031814041141	0.25917906650334954	0.0	0.5909624765045812	0.8818632341157919	0.6230622018188036	0.39995737129261066	0.41983267569575344	0.46386723787327544	0.7924195354005653	0.2974031143952304	
0.916558851140438	0.4090633910009198	0.08497327495339291	0.5909624765045812	0.0	0.8975646209612415	0.5802064673392093	0.0790615967715963	0.10789145318543714	0.6703148018415955	0.7055081949234819	0.9678143320858247	
0.5296739779061218	0.9074558143128735	0.28387178127358814	0.8818632341157919	0.8975646209612415	0.0	0.24295466285686906	0.3733163075265825	0.4333487648244262	0.9619217799797533	0.8161039462695129	0.8957965855440903	
0.10568206928751	0.5429117128552144	0.7064347731654496	0.6230622018188036	0.5802064673392093	0.24295466285686906	0.0	0.46567027298796027	0.9197702628253464	0.7631082485665588	0.03302835557970407	0.45986023223324646	
0.5626382924208272	0.17726864486379157	0.7988528327618509	0.39995737129261066	0.0790615967715963	0.3733163075265825	0.46567027298796027	0.0	0.12970802132614012	0.42623975770749245	0.3161298374133731	0.023013474841954373	
0.05391567010841358	0.5392864582116279	0.942105623323485	0.41983267569575344	0.10789145318543714	0.4333487648244262	0.9197702628253464	0.12970802132614012	0.0	0.48250240988549764	0.07056902409441435	0.015881849302210815	
0.8724525205502213	0.7869216601270397	0.8045544913527376	0.46386723787327544	0.6703148018415955	0.9619217799797533	0.7631082485665588	0.42623975770749245	0.48250240988549764	0.0	0.49283777731820877	0.389842627280388	
0.7528010619945257	0.2028169270729866	0.6754476061469803	0.7924195354005653	0.7055081949234819	0.8161039462695129	0.03302835557970407	0.3161298374133731	0.07056902409441435	0.49283777731820877	0.0	0.9843334023468838	
0.9729457116215382	0.7713681552205186	0.49598268173947113	0.2974031143952304	0.9678143320858247	0.8957965855440903	0.45986023223324646	0.023013474841954373	0.015881849302210815	0.389842627280388	0.9843334023468838	0.0	

0.15448860267441877	0.366624780350719	0.350035349737421	0.9047378248284484	0.3245027914242866	0.14092163821730963	0.9860233667265972	0.7507289377854992	0.9939128521188815	0.512230651831988	0.8112473938263283	0.6410567630397302	
0.35216161066273366	0.024789951806037824	0.123594970331249	0.6319916715694566	0.9807779424702749	0.5052835067047912	0.10905293304694441	0.4062818652343213	0.41343199984091594	0.04735982912980574	0.5214816569502256	0.3088829445644571	
0.29270529908154574	0.24155484928803872	0.364698080967396	0.5357607932360077	0.46723432427378664	0.500381091917711	0.19249864418899298	0.13265865337267224	0.6433936996325431	0.23166524674516664	0.9908862268162374	0.5671644308292738	
0.8824432906133793	0.1727868554201314	0.861647559805089	0.9001100907464459	0.317070714235305	0.41429098682779997	0.8875607382475509	0.0012794841597811857	0.9505194133063144	0.5134180040492554	0.6268954029253981	0.8295971261390652	
0.296999414017204	0.6264141976647102	0.6585004249563239	0.5294150614692436	0.9238362858497934	0.7730567857589777	0.47865725366011935	0.9822108215839874	0.6638214217545325	0.1876477215637904	0.8370096795636124	0.49695422704052195	
0.3804846577755002	0.20780068488407955	0.29126365101778084	0.5225966882572423	0.6895177096799432	0.30566584480496684	0.3589835916897204	0.6225816620645025	0.9663352905915965	0.6758079156978337	0.14969424820436272	0.4639698524076735	
0.3027682403880664	0.25977233185396265	0.7716303018121929	0.24271913510973553	0.815140781498945	0.2094458230678251	0.12485868756262375	0.7918532391521927	0.8514918634133025	0.5696369479312179	0.9161309280797568	0.6006994604209839	
0.19745867828903474	0.3948732120941614	0.8607062818829503	0.11107042280031587	0.3383476155581735	0.6062314638804673	0.07251896760055654	0.9502106541782388	0.19917643931819307	0.6410880793743782	0.5864453325831168	0.21052378281858275	
0.5549786810840388	0.3519969158671462	0.8050601982798143	0.4925413022184779	0.4804195710383383	0.6704719540437304	0.41715376834582185	0.19028985996828607	0.7907801970954641	0.26727294248777056	0.9964140961061715	0.4171584097674689	
0.4156245922142052	0.8128620902671729	0.0560619421619698	0.045562663485820165	0.041972480605013573	0.47002045773040346	0.8088585464704805	0.5651491117623422	0.16555761341491393	0.9351826224741772	0.26178924801682124	0.8519764289583056	
0.8967603634208533	0.68586920507367	0.5608585440413393	0.4850573131465621	0.4820599648429771	0.08866620068416697	0.6938154473210463	0.9468390620515367	0.5223605168177414	0.675521279801079	0.7572604288131377	0.9006466600697576	
0.29630221988216177	0.20569706075152872	0.999468165158127	0.7508073728621377	0.4296773254739228	0.09654163582689224	0.7613931053595493	0.8601209933304323	0.39132772705233276	0.4283071288343655	0.2557078413309146	0.12453558192013403	

0.0	0.0065673421131330345	0.8473568168821791	0.08633354343298305	0.709666900895148	0.900355883947951	0.1289910225840838	0.4048281504597607	0.5393672366929743	0.4649662696978486	0.6207815692878134	0.29751630916968663	
0.0065673421131330345	0.0	0.36649383977883176	0.5148282446213589	0.5167832767130429	0.9399770265682814	0.04633570982875512	0.5180604395148337	0.5312748837659661	0.08246508461665603	0.4819764744401792	0.7927731171701837	
0.8473568168821791	0.36649383977883176	0.0	0.64887935131431	0.1421851001193134	0.10120568551901665	0.7495698400550321	0.4338476493397473	0.5450923013098211	0.844596864772844	0.0762538286161778	0.8168855590199957	
0.08633354343298305	0.5148282446213589	0.64887935131431	0.0	0.64587717029219	0.08665274141206625	0.662857183982315	0.27311244976338456	0.4358140212342868	0.6738592658948814	0.9138939492893219	0.2199213485090028	
0.709666900895148	0.5167832767130429	0.1421851001193134	0.64587717029219	0.0	0.8274544100605533	0.4313600089493945	0.24070910395579825	0.6558115930223372	0.09442902915760265	0.11864735898960455	0.3104626116839323	
0.900355883947951	0.9399770265682814	0.10120568551901665	0.08665274141206625	0.8274544100605533	0.0	0.27432758551250636	0.9190090090614218	0.473350722583166	0.8925609515263133	0.20338399390733508	0.27343542099870977	
0.1289910225840838	0.04633570982875512	0.7495698400550321	0.662857183982315	0.4313600089493945	0.27432758551250636	0.0	0.6289505046898249	0.9823346104243061	0.39530821394970983	0.6723234873410457	0.4263075853256385	
0.4048281504597607	0.5180604395148337	0.4338476493397473	0.27311244976338456	0.24070910395579825	0.9190090090614218	0.6289505046898249	0.0	0.6669151362438154	0.4717816516515211	0.18956210538507	0.6556655642764597	
0.5393672366929743	0.5312748837659661	0.5450923013098211	0.4358140212342868	0.6558115930223372	0.473350722583166	0.9823346104243061	0.6669151362438154	0.0	0.23323585664966162	0.12099446911889833	0.9513759903527028	
0.4649662696978486	0.08246508461665603	0.844596864772844	0.6738592658948814	0.09442902915760265	0.8925609515263133	0.39530821394970983	0.4717816516515211	0.23323585664966162	0.0	0.042861594014221516	0.9994829717956842	
0.6207815692878134	0.4819764744401792	0.0762538286161778	0.9138939492893219	0.11864735898960455	0.20338399390733508	0.6723234873410457	0.18956210538507	0.12099446911889833	0.042861594014221516	0.0	0.30768792054515925	
0.29751630916968663	0.7927731171701837	0.8168855590199957	0.2199213485090028	0.3104626116839323	0.27343542099870977	0.4263075853256385	0.6556655642764597	0.9513759903527028	0.9994829717956842	0.30768792054515925	0.0	

66.27463328811037	237.7091805197178	118.45016053351368	84.4236930955501	
472.235666776148	102.42610286511581	126.04928366978635	79.33404862654504	
255.10369062182008	209.2863461553606	121.51605584497622	82.293651900268	
268.84003184248394	123.48962503041753	100.47660624852962	99.5256545117072	
93.29684829678077	104.03503447853541	129.7245769492814	77.08639515478792	
490.77353489826817	638.8916056667264	123.92261068515275	80.69552396218285	
379.8606266244216	237.39473102462756	90.9859579247376	109.90706948727043	
298.14904496602236	637.571150330873	135.9097972786602	73.57821290467147	
303.75165912004314	348.13511973231425	122.77717594967557	81.44836304183151	
502.7227475021232	229.56970675478277	109.43897662183012	91.37512345857655	
18.334929505743546	345.86332742632226	141.3261233181347	70.75832666469822	
55.07406665880879	574.3594716194593	117.4297780901294	85.15727580039217	

-1.0	-1.0	105.91407918396436	94.41615389612926	
-1.0	-1.0	127.03983967024347	78.71546458148042	
-1.0	-1.0	113.36624382706941	88.20967919916401	
-1.0	-1.0	128.20802645360928	77.99823674548485	
-1.0	-1.0	122.35330782411204	81.73052431386175	
-1.0	-1.0	109.27128282405107	91.51535281325495	
-1.0	-1.0	105.06728407282583	95.17710568276085	
-1.0	-1.0	83.00768046635747	120.47077985817158	
-1.0	-1.0	134.93322235677556	74.11073288948145	
-1.0	-1.0	110.30518330722548	90.65757111474703	
-1.0	-1.0	125.6227189322571	79.60343546928456	
-1.0	-1.0	129.59611542993977	77.16280666920177	

122.72557380144266	153.28548742416774
472.235666776148	37.71380445063778
278.01949318553727	126.9926942550926
345.56169766366725	123.48962503041753
223.02142524606217	37.842047009073326
490.77353489826817	610.7515121353869
460.2455595235681	127.4876615373571
298.14904496602236	605.6166730769555
312.7971312899815	348.13511973231425
550.5772122659978	138.19458329620625
18.334929505743546	344.6678325514243
55.07406665880879	549.6356205472023

0.0	0.7060805953495982	0.8835526783035232	0.9311140887747633	0.2732390504834611	0.7102186384409405	0.3774398041642637	0.49397044661319855	0.432236182497984	0.3277258802545273	0.928038110837731	0.5464995919476836	
0.7060805953495982	0.0	0.6035479069090771	0.5176544839261622	0.2667869542676967	0.35468935175037686	0.4720634395565393	0.8019788227137936	0.5920514251865612	0.19939086491781954	0.9545454464658497	0.8686011480365213	
0.8835526783035232	0.6035479069090771	0.0	0.373750983701977	0.5915891600359807	0.46877007692929284	0.07922174994381692	0.8081993016819808	0.7604045358503873	0.042351494817937096	0.12973228922925928	0.42684671176856526	
0.9311140887747633	0.5176544839261622	0.373750983701977	0.0	0.07812522364066343	0.8194009449349704	0.20787220459868894	0.09221418364231004	0.8768681365294199	0.14753307803490745	0.9397711796406678	0.5260950038248766	
0.2732390504834611	0.2667869542676967	0.5915891600359807	0.07812522364066343	0.0	0.4918819839024897	0.403630182266157	0.7060586153327392	0.2942208148507657	0.24782054207948323	0.7381351023905228	0.5437155005617997	
0.7102186384409405	0.35468935175037686	0.46877007692929284	0.8194009449349704	0.4918819839024897	0.0	0.8517492393017201	0.929341440913202	0.9876777560997181	0.4301916077408433	0.39304099539477755	0.6790241924035701	
0.3774398041642637	0.4720634395565393	0.07922174994381692	0.20787220459868894	0.403630182266157	0.8517492393017201	0.0	0.09218065739671699	0.49063526883906894	0.20729388056012965	0.8527675688476757	0.8378255708688965	
0.49397044661319855	0.8019788227137936	0.8081993016819808	0.09221418364231004	0.7060586153327392	0.929341440913202	0.09218065739671699	0.0	0.3855118376412563	0.9215308061972799	0.8475670365596436	0.5394813205634684	
0.432236182497984	0.5920514251865612	0.7604045358503873	0.8768681365294199	0.2942208148507657	0.9876777560997181	0.49063526883906894	0.3855118376412563	0.0	0.7611674950446256	0.6236477909028597	0.2934967656388022	
0.3277258802545273	0.19939086491781954	0.042351494817937096	0.14753307803490745	0.24782054207948323	0.4301916077408433	0.20729388056012965	0.9215308061972799	0.7611674950446256	0.0	0.5002134777790501	0.420936195594378	
0.928038110837731	0.9545454464658497	0.12973228922925928	0.9397711796406678	0.7381351023905228	0.39304099539477755	0.8527675688476757	0.8475670365596436	0.6236477909028597	0.5002134777790501	0.0	0.7930489053728959	
0.5464995919476836	0.8686011480365213	0.42684671176856526	0.5260950038248766	0.5437155005617997	0.6790241924035701	0.8378255708688965	0.5394813205634684	0.2934967656388022	0.420936195594378	0.7930489053728959	0.0	

0.8264257375778187	0.4321866513700713	0.0022997633360481995	0.7140208845570883	0.1523248641251599	0.4965018678006238	0.5662877021406234	0.24002831285921233	0.10171054415684588	0.28545947252295345	0.5677433360343042	0.29963163308298224	
0.19662179095846533	0.5529438554481931	0.7980639575912768	0.19656098734530014	0.6131390715823734	0.10258448086879801	0.6952585318275469	0.45272132356509776	0.7581396493833653	0.27848811941541596	0.08313920831180655	0.19088724285916947	
0.08862693186364423	0.9149832965032118	0.17757669825057842	0.24320990466571368	0.21992840728997687	0.12199405043845524	0.5452754098854372	0.7239695514222781	0.24894067480001159	0.17035606536352899	0.40853085107232656	0.6458281850023411	
0.004731993953578595	0.7853328904881791	0.8036906479091682	0.6559064450947404	0.6311963218905805	0.3567859746969879	0.6215477929420091	0.12132986003063206	0.5050848252848034	0.9308968332193901	0.48465278019533475	0.6034592637820919	
0.9976244197718276	0.36103568162203326	0.7495389149459918	0.22584084707343122	0.9990652596655499	0.6643155652190766	0.6611129892458418	0.5629817244585922	0.44288206370097494	0.45556682288456785	0.8319714512772067	0.4553768293082123	
0.28998688378587223	0.3119116117332482	0.771159824970687	0.5907835572086587	0.5631938354443051	0.058813941549037296	0.14490090296184166	0.7825608371224247	0.05830912766884244	0.2624256456609503	0.8160754538359276	0.622959531719125	
0.3006023966608381	0.6632441253860383	0.4797463188887787	0.5925715366809965	0.1640483392666453	0.8925431905502453	0.888775268107414	0.7667149929640457	0.3256103468644307	0.5757334021236934	0.24658942575797782	0.9753537933451962	
0.3879706166492225	0.8457536603179181	0.33341183376796646	0.6452192669676441	0.07149431802271655	0.36479138749015794	0.3277789152136703	0.5811227981852893	0.3498476101251128	0.18407335269220793	0.08692482996321527	0.6280181671458349	
0.7835728329195618	0.15916531317088733	0.8576212299558468	0.496192691926843	0.5920565103594185	0.1821632720450994	0.003317980905525597	0.029036731143917915	0.19670880248190636	0.19235466983771232	0.3539389410290684	0.8461613247504005	
0.06680569559886618	0.7833734507675398	0.21144422330929236	0.604203798650487	0.704328405264503	0.2375677488355411	0.8772781400384719	0.0834822129442504	0.5152668889904426	0.9872445927000485	0.8070805498712822	0.9307290013116044	
0.13223714233703732	0.8276513251343163	0.14354590123909294	0.16645481673995044	0.4768954704669266	0.6879985364087344	0.4300735409013101	0.5000642297107017	0.4805145350956601	0.40452481728611034	0.7658592745012823	0.0866646250134262	
0.9172200251537976	0.7335488610080876	0.5273370320675075	0.6065802900992889	0.24676871372883014	0.7926499062246671	0.05138685664776077	0.4519042382365279	0.712382169273813	0.2245625139223687	0.35248299741669453	0.3639900186318087	

0.0	0.6410672839233995	0.028964424516825238	0.08160657028341733	0.47870847311121345	0.3231042675747041	0.0028670434800497357	0.4315494375076474	0.6765798187797412	0.7285313423857958	0.6332655505873838	0.8218215318400227	
0.6410672839233995	0.0	0.04482972028446097	0.2820678258928675	0.8869505422442182	0.27627437712669944	0.22130884098252546	0.036767427779640816	0.6399864630106238	0.12321315801300925	0.5279147843094274	0.09375825277177152	
0.028964424516825238	0.04482972028446097	0.0	0.48398834929653844	0.7807303524132067	0.008477426231023988	0.43884589488138004	0.5979595861618926	0.5394426074891913	0.18615682869130912	0.9700691393788458	0.5301486665007632	
0.08160657028341733	0.2820678258928675	0.48398834929653844	0.0	0.6936327958373474	0.7654643591861503	0.5234476124864388	0.9144961481351732	0.12768569713550926	0.49566531225831345	0.6354581970392525	0.05856292897230331	
0.47870847311121345	0.8869505422442182	0.7807303524132067	0.6936327958373474	0.0	0.9084225062167972	0.5885169711354854	0.6455973822835568	0.4837997178141703	0.09152790303704339	0.6058209279012895	0.8383676021586042	
0.3231042675747041	0.27627437712669944	0.008477426231023988	0.7654643591861503	0.9084225062167972	0.0	0.284645038209257	0.14845435744490731	0.41793370971145327	0.36260963137701596	0.6072229348948517	0.6886207830023613	
0.0028670434800497357	0.22130884098252546	0.43884589488138004	0.5234476124864388	0.5885169711354854	0.284645038209257	0.0	0.7721043362431844	0.46117689345566015	0.3763553236474366	0.9506717356638803	0.1405751195339685	
0.4315494375076474	0.036767427779640816	0.5979595861618926	0.9144961481351732	0.6455973822835568	0.14845435744490731	0.7721043362431844	0.0	0.011360392020183241	0.7529607441534859	0.01093742917692675	0.8068971034194727	
0.6765798187797412	0.6399864630106238	0.5394426074891913	0.12768569713550926	0.4837997178141703	0.41793370971145327	0.46117689345566015	0.011360392020183241	0.0	0.5434090946417407	0.0062431068619519525	0.5692810239448293	
0.7285313423857958	0.12321315801300925	0.18615682869130912	0.49566531225831345	0.09152790303704339	0.36260963137701596	0.3763553236474366	0.7529607441534859	0.5434090946417407	0.0	0.9869978271934112	0.8644563306659141	
0.6332655505873838	0.5279147843094274	0.9700691393788458	0.6354581970392525	0.6058209279012895	0.6072229348948517	0.9506717356638803	0.01093742917692675	0.0062431068619519525	0.9869978271934112	0.0	0.09565750812404683	
0.8218215318400227	0.09375825277177152	0.5301486665007632	0.05856292897230331	0.8383676021586042	0.6886207830023613	0.1405751195339685	0.8068971034194727	0.5692810239448293	0.8644563306659141	0.09565750812404683	0.0	

204.0481132340677	521.6485395398986	106.60327362170815	93.80574967599917	
207.70017123516007	372.63329300404416	96.6850991592077	103.4285540063767	
389.2872599210919	496.4276324698666	99.50973872047746	100.49267668253023	
36.37690795636684	681.1909841816176	137.85213086849961	72.54149745091162	
33.49291843928949	366.9672600728966	111.33384503700096	89.81994645632311	
39.57626193690154	521.6320813365367	132.9463126407545	75.21833288465733	
229.05372603555375	658.4801288674086	73.76742348683257	135.56119391624125	
75.87263507428003	238.47533350614697	79.78633249980062	125.33474953275974	
5.297355668406844	608.4877723841082	123.29864946871662	81.10388915928235	
318.54624051576593	102.16002542705769	111.92635197618182	89.34446467198379	
178.73313975469662	226.43893474314842	120.94266036685046	82.68381040790244	
313.03581698176	651.9082931329032	72.91962184107905	137.13729922782636	

-1.0	-1.0	86.12352708024957	116.11229055542556	
-1.0	-1.0	87.2357558315209	114.63189496876805	
-1.0	-1.0	89.2577279895622	112.03511701719991	
-1.0	-1.0	98.61943102556343	101.39989549734749	
-1.0	-1.0	102.02264275799097	98.01745700433491	
-1.0	-1.0	137.2919537667626	72.83748046144369	
-1.0	-1.0	99.86200183376354	100.13818886433518	
-1.0	-1.0	108.33053368386439	92.3100778694814	
-1.0	-1.0	100.43029927681872	99.57154436468154	
-1.0	-1.0	74.1875623293332	134.79348405610133	
-1.0	-1.0	108.03715905965274	92.56074564565787	
-1.0	-1.0	100.36296438784117	99.63834827911366	

204.0481132340677	463.4687546703299
257.00929973836764	372.63329300404416
429.2895361141258	395.9349557873363
174.22903882486645	674.2653999357846
144.82676347629044	341.5043756570537
172.52257457765606	460.1841617176353
229.05372603555375	658.1786004348157
155.65896757408063	118.97310648097732
84.40268925954626	527.3838832248259
381.41097341284535	102.16002542705769
178.73313975469662	154.16397811236664
347.009973497903	651.9082931329032

0.0	0.6256759610791457	0.6207945999032556	0.6075172699423771	0.3873736694845634	0.9292357066261401	0.9477543256309647	0.326003232540252	0.9580914356867284	0.4921849132556927	0.1395260451412419	0.10531604824117069	
0.6256759610791457	0.0	0.49597903762082696	0.9257154871975979	0.5068829520282062	0.49123141510380186	0.3415416131683856	0.12148204872379054	0.8694672091530986	0.4727881251798086	0.8213569314065273	0.5737311506560749	
0.6207945999032556	0.49597903762082696	0.0	0.4865677017554939	0.6811782249689126	0.7268446122762889	0.8634430461100404	0.773589444275173	0.0870872726339309	0.824911339965559	0.838833916788588	0.2819424730791127	
0.6075172699423771	0.9257154871975979	0.4865677017554939	0.0	0.7788109342670119	0.14493000691572566	0.6535724201968894	0.4080502207232015	0.058477884813118	0.034950396617744794	0.5045010093991446	0.5481574090716695	
0.3873736694845634	0.5068829520282062	0.6811782249689126	0.7788109342670119	0.0	0.5910271237688467	0.1306421908099058	0.0516335758233174	0.24690186919648283	0.43151638635930933	0.5858003591621451	0.8672488503070699	
0.9292357066261401	0.49123141510380186	0.7268446122762889	0.14493000691572566	0.5910271237688467	0.0	0.6273521589368322	0.25522663710139826	0.43486420012690363	0.3404377784636794	0.1981350744944611	0.23561757881948864	
0.9477543256309647	0.3415416131683856	0.8634430461100404	0.6535724201968894	0.1306421908099058	0.6273521589368322	0.0	0.06290587750796428	0.11178233545252658	0.5384733304440199	0.7622755108998706	0.9513555862397245	
0.326003232540252	0.12148204872379054	0.773589444275173	0.4080502207232015	0.0516335758233174	0.25522663710139826	0.06290587750796428	0.0	0.5112201428861335	0.7945236364066091	0.14570731568137296	0.6194158566226307	
0.9580914356867284	0.8694672091530986	0.0870872726339309	0.058477884813118	0.24690186919648283	0.43486420012690363	0.11178233545252658	0.5112201428861335	0.0	0.1279495566077904	0.8936525965062937	0.1354399431300788	
0.4921849132556927	0.4727881251798086	0.824911339965559	0.034950396617744794	0.43151638635930933	0.3404377784636794	0.5384733304440199	0.7945236364066091	0.1279495566077904	0.0	0.9603781188673713	0.9345897039301699	
0.1395260451412419	0.8213569314065273	0.838833916788588	0.5045010093991446	0.5858003591621451	0.1981350744944611	0.7622755108998706	0.14570731568137296	0.8936525965062937	0.9603781188673713	0.0	0.773174897190453	
0.10531604824117069	0.5737311506560749	0.2819424730791127	0.5481574090716695	0.8672488503070699	0.23561757881948864	0.9513555862397245	0.6194158566226307	0.1354399431300788	0.9345897039301699	0.773174897190453	0.0	

0.2376802097903873	0.7571906815197204	0.5122337452714292	0.3667267633236071	0.11905998756612701	0.6432666076383854	0.3907140575531064	0.6215134596294095	0.8816718683084809	0.5048681261014469	0.1501638678827495	0.2818091554867942	
0.48741308499390246	0.14327113209769982	0.025736111110847393	0.03848755922969127	0.07367175362897005	0.22848216882648253	0.902297859073877	0.7247614976437514	0.8126898361755952	0.9391059950812495	0.4986971834721492	0.8251170237235881	
0.15862622592310227	0.8229284600982528	0.7588983349298483	0.2879252380852805	0.39531433449623987	0.008250453497273491	0.9943270884086173	0.3132707496842497	0.13696619455295278	0.018078396797899243	0.6391511127726689	0.6127319296096772	
0.579583401833718	0.21759747774777582	0.7038531372634368	0.6192922094473017	0.8525924611395739	0.35992387101384093	0.14233728641780596	0.2632584113942976	0.7782302846953967	0.7859525519427744	0.38394190810821904	0.2240060022468252	
0.7104632578847179	0.581187681168352	0.22411510966294268	0.017567646684294558	0.8957311666793243	0.39576315524967176	0.1161416421091408	0.8865258328809174	0.9745650156031659	0.6934302027422369	0.6611931480804464	0.22136642537853735	
0.8261355782831431	0.9111107602378574	0.7551062372981526	0.16139474141929744	0.9470476082642408	0.3826841265180334	0.41767556686383933	0.09851124862614957	0.9512018782161367	0.9089959808098786	0.8038823650132835	0.03858942446968261	
0.5793055778861135	0.5406481521154689	0.2763612010642368	0.16289355235961334	0.8146192970195052	0.4809486236229036	0.7045407462590412	0.47591931505320473	0.3157862364041927	0.013471049858829298	0.34827743242923315	0.12623569863658413	
0.3980976649962239	0.011993625769104344	0.7824329418875842	0.8433520306375948	0.2213061707089512	0.9001573438284151	0.3237302137063982	0.9463286756495264	0.6751059054736419	0.8940042079355849	0.33235479070921026	0.5487963704684667	
0.6926572635413134	0.9826257683654218	0.5781513465802502	0.9102431066386684	0.36804085498443373	0.3804735163851293	0.5848980953019984	0.36487406196549477	0.3052835403741204	0.11945184773996953	0.4960245850728655	0.8970445458202898	
0.08460743923499658	0.03973591161503898	0.5412711904402496	0.22621148947787995	0.5958099922207026	0.6853257139987133	0.6261713203997045	0.21454452000480861	0.2591915950835514	0.5136692440905603	0.9148702695830434	0.5167827020234474	
0.8312048111589436	0.38825672876859674	0.5316776053753275	0.6546183759730677	0.5750070046499443	0.5389094015700421	0.667882365112879	0.11683503016332042	0.06535607675315758	0.04655562915241118	0.44774353513090304	0.6616212805265782	
0.7927970690323087	0.43760813314219604	0.8812012393675265	0.7289283180638637	0.033844352513905496	0.15762600936188031	0.1107360493341839	0.7584336642481191	0.16187337401710056	0.5347658144722123	0.9459377005532474	0.25261927226120306	

0.0	0.3405960742907703	0.3717267314673999	0.6246672994262576	0.8392717250803775	0.2091700178160688	0.3148051609982546	0.22732214924684568	0.4168719410226235	0.9848217986709114	0.45779582681593634	0.47156319142148095	
0.3405960742907703	0.0	0.3016621530002467	0.6128767692996485	0.26435347215409577	0.6862932699292378	0.9943833767204104	0.6081128092036293	0.5138088934199557	0.720927415412676	0.667492731485597	0.427355458662271	
0.3717267314673999	0.3016621530002467	0.0	0.34293339475406837	0.5153175224284827	0.8043474895624576	0.9811060689520974	0.011639959641421393	0.6253989955401206	0.7181100866934816	0.530362496482981	0.6164292868442219	
0.6246672994262576	0.6128767692996485	0.34293339475406837	0.0	0.04949478094203785	0.622525386090554	0.6438829080164732	0.007769857322871054	0.6642313558818799	0.8083838567937471	0.5095263025685933	0.848302043883223	
0.8392717250803775	0.26435347215409577	0.5153175224284827	0.04949478094203785	0.0	0.6482912095583093	0.5090686413663374	0.6930876540600164	0.4811372220124155	0.6434476586614368	0.9797078798292238	0.7263241885057262	
0.2091700178160688	0.6862932699292378	0.8043474895624576	0.622525386090554	0.6482912095583093	0.0	0.5979314926529696	0.35656578972592223	0.6841299651123731	0.48200412928469005	0.2440068757172542	0.6613771000385479	
0.3148051609982546	0.9943833767204104	0.9811060689520974	0.6438829080164732	0.5090686413663374	0.5979314926529696	0.0	0.9065135322054859	0.27124583257736323	0.02310344398023656	0.20803344469897422	0.7527168913942223	
0.22732214924684568	0.6081128092036293	0.011639959641421393	0.007769857322871054	0.6930876540600164	0.35656578972592223	0.9065135322054859	0.0	0.00987242701084079	0.6289879624069822	0.07318955163090357	0.6953585358130135	
0.4168719410226235	0.5138088934199557	0.6253989955401206	0.6642313558818799	0.4811372220124155	0.6841299651123731	0.27124583257736323	0.00987242701084079	0.0	0.37173308231014657	0.44701597056917974	0.1673380511212561	
0.9848217986709114	0.720927415412676	0.7181100866934816	0.8083838567937471	0.6434476586614368	0.48200412928469005	0.02310344398023656	0.6289879624069822	0.37173308231014657	0.0	0.02340644214645149	0.9128872079190481	
0.45779582681593634	0.667492731485597	0.530362496482981	0.5095263025685933	0.9797078798292238	0.2440068757172542	0.20803344469897422	0.07318955163090357	0.44701597056917974	0.02340644214645149	0.0	0.9689998212945935	
0.47156319142148095	0.427355458662271	0.6164292868442219	0.848302043883223	0.7263241885057262	0.6613771000385479	0.7527168913942223	0.6953585358130135	0.1673380511212561	0.9128872079190481	0.9689998212945935	0.0	

